 50924
     0
     0
     0
     0
     0
    34
     0
     0
     0
     0
     0
     0
     0
     0
     0
     0
     0
     0
     0
     0
     0
     0
     0
     0
     0
     0
  1160
  5614
  8848
 17707
 19600
  1312
  1613
  4709
  5539
 29359
 79487
 98756
113237
106483
 99112
 87196
 80333
 56069
 39501
 23828
  9472
  2029
    28
     0
     0
     0
     0
    28
   515
    37
    25
     4
     4
    42
     4
     0
     0
     0
     0
     0
     0
     0
  1144
  3351
  1984
   635
     0
     0
     0
     0
     0
    19
   237
   167
     0
     0
     0
     0
   430
  1824
  1391
    63
     0
     0
     0
     0
     0
     0
     0
     0
     0
     0
     0
   200
   475
   182
    35
     1
     0
     0
     0
     0
     0
     0
     0
     0
     0
     0
     0
     0
     0
     0
     0
     0
     0
     0
     0
     0
     0
     0
     0
     0
     0
     0
     0
     0
     0
     0
     0
     0
     0
     0
     0
     0
     0
     0
     0
     0
     0
     0
     0
     0
     0
     0
     0
     0
     0
     0
     0
     0
     0
     0
     0
     0
     0
     0
     0
     0
     0
     0
     0
     0
     0
     0
     0
     0
   157
   182
  1220
   759
     0
     0
     0
     0
     0
     0
     0
     0
     0
     0
     0
     0
     0
     0
     0
     0
     0
     0
     0
     0
   699
  1446
  1736
   301
     0
     0
     0
     0
     0
     0
     0
     0
     0
     0
     0
     0
     0
     0
     0
     0
     0
    72
   145
  1447
   677
  1295
   900
    80
     0
     0
     0
     0
  1916
  8257
  7061
 24227
  3613
     0
     0
     0
     0
     0
  2479
  3866
  3140
  3544
  3516
  3470
  2821
  6968
 19151
 26175
 28527
 13592
     0
     0
     0
     0
     0
     0
     0
     0
     0
     0
     9
  9814
 22631
 36677
 47329
 51522
 51574
 55971
 61382
 58357
 51994
 36799
 24910
  2240
     0
     0
     0
     0
     0
     0
     0
     0
     0
     0
     0
     0
     0
     0
     0
   205
  3015
  4937
  7601
 15795
 18420
 13600
  2154
   106
     0
     0
     0
     0
     0
     0
     0
     0
     0
     0
     0
     0
     0
     0
     0
     0
     0
     0
     0
     0
     0
     0
     0
     0
     0
     0
     0
     0
     0
     0
     0
     0
     0
     0
     0
     0
     0
     0
     0
     0
     0
     0
     0
     0
     0
     0
     0
     0
     0
     0
     0
     0
     0
     0
     0
     0
     0
     0
     0
     0
     0
     0
     0
     0
     0
     0
     0
     0
     0
     0
     0
     0
     0
     0
     0
     0
     0
     0
     0
     0
     0
     0
     0
     0
     0
     0
     0
     0
     0
     0
     0
     0
     0
     0
 54992
 74405
 88279
 93881
 83711
 67044
 41840
 26091
 10859
  2956
   343
   155
    15
    95
     0
     0
     0
     0
     0
     0
     0
     0
     5
    12
     0
     0
     0
     0
     0
     0
     0
     0
     0
     0
     0
     0
     0
     0
     0
     0
     0
     0
     0
     0
     0
     0
    64
    80
     6
     0
     0
     0
     0
     0
     0
     0
     0
     0
     0
     0
     0
     0
     0
     0
     0
     0
     0
     0
     0
     0
     0
     0
     0
     0
     0
     0
     0
     0
     0
     0
     0
     0
     0
     0
     0
     0
     0
     0
     0
     0
     0
     0
     0
     0
     0
     0
     0
     0
     0
     0
     0
     0
     0
     0
     0
     0
     0
     0
     0
     0
     0
     0
     0
     0
     0
     0
     0
     0
     0
     0
     0
     0
     0
     0
     0
     0
     0
     0
     0
     0
    19
  1407
  1913
  2719
  7078
 23928
 55058
 74752
 86406
 80432
 46754
 32053
 11707
     0
     0
     0
     0
     0
     0
     0
     0
     0
     0
   798
  3750
  6159
 16047
 29715
 68742
112426
 99216
139433
139433
139433
136839
 49519
 42152
 49727
 32716
 45331
 56614
 71464
 51629
 74458
 76337
 78486
 78443
111044
137403
139430
139433
139433
139433
139433
139433
139433
138198
139433
139433
139433
139433
139433
139433
139433
139111
103360
 62517
 85293
110238
101437
 90216
 84427
 42899
 10428
     0
     0
     0
     0
     0
     0
     0
     0
     0
     0
     0
    46
     6
     0
     0
     0
     0
   331
   250
    54
     0
     0
     0
     0
     0
     0
     0
     0
     0
  6751
  3663
  2360
  3267
  5226
103109
131597
139433
139433
139433
139433
139433
139433
139433
139433
139433
139433
139433
139433
139412
111628
 73569
 60315
 69966
 86841
106190
130062
123632
 89723
 69499
 94758
139248
134404
100376
104625
121122
125220
116746
113957
 74787
 51327
 44856
 46983
 84331
107147
112883
112313
112882
115229
114788
126994
120196
133198
132414
125486
127561
125135
124031
 89413
 76544
 70095
 66790
 53076
 36469
 34141
 25241
 29331
 58448
 58883
 66310
 71139
 59354
 70600
 68476
 92808
 99571
 90494
 73479
 65914
 83350
108202
139032
139433
139433
136934
139407
136675
130636
135375
130350
127407
 99258
103340
110257
111860
 97065
 77601
 54330
 45754
 40110
 23846
 21232
 18092
 10080
  2595
   764
   561
  1335
  4469
 14761
 50893
 45196
 60493
102787
123290
132326
132623
137950
139433
139433
137091
129716
105260
 72196
 56701
 50539
 40119
 30753
 19285
 25574
 32886
 26582
 15978
  7908
  2462
   244
    61
     0
     0
     0
     0
     0
     0
     2
    91
   595
   308
   193
  3010
 10414
  5805
   177
     0
     0
     7
    16
    39
     0
     0
     0
     0
     0
     0
     0
     0
     0
     0
     0
     0
     0
    13
    18
     0
     0
     0
     0
     0
     0
     0
     0
     0
     0
     0
     0
     0
     0
     0
     0
     0
     0
     0
     0
     0
     0
    81
     0
   675
  1944
  1158
     0
     0
     0
     0
     0
     0
     0
     0
     0
     0
     0
     0
     0
     0
     0
     0
     0
     0
     0
     0
     0
     0
     0
     0
     0
     0
     0
     0
     0
     0
     0
     0
     0
     0
     0
     0
 23270
 22353
     0
     0
     0
   152
  5022
 18960
 26360
 37834
 41953
 31785
 18923
 14989
  3379
   244
  2039
  3295
  2938
   856
   264
  1616
  1769
   231
     0
     0
     0
     0
     0
     0
     0
     0
     0
     0
     0
     0
     0
     0
     0
     0
     0
     0
     0
     0
     0
     0
     0
     0
     0
     0
     0
     0
     0
     0
     0
     0
     0
     0
     0
     0
     0
     0
     0
     0
     0
     0
     0
     0
     0
     0
     0
     0
     0
     0
     0
     0
     0
     0
     0
     0
     0
    11
   561
   206
     0
     0
     0
     0
     0
     0
     0
     0
     0
     0
     0
     0
     0
     0
     0
     0
     0
     0
   234
   131
    98
  3379
  5135
  4172
   506
     0
     0
     0
     0
     0
     0
     0
     0
     0
     0
     0
     0
     0
     0
     0
     0
     0
     0
     0
     0
     0
     5
     0
     0
     0
     0
     0
     0
     0
     0
     0
     0
     0
     0
     0
     0
     0
     0
 30192
 57136
 51007
 45802
 35690
 25310
  3181
    19
     0
     0
     0
     0
     0
     0
     0
     0
     0
     0
     0
     0
     0
     0
     0
     0
     0
     0
     0
     0
     0
     0
     1
    26
     0
     0
     0
     0
     0
     0
     0
     0
     0
     0
     0
     0
     0
     0
     0
     0
     0
     0
     0
     0
     0
     0
     0
     0
     0
     0
     0
     0
     0
     0
     0
     0
     0
     0
     0
     0
     0
     0
     0
     0
     0
     0
     0
     0
     2
   222
   841
     0
     0
     0
     0
     0
     0
     0
     0
     0
  6875
 30878
 66145
 97316
106934
107792
 83059
 62815
 61966
 57313
 37898
 20449
 11827
  4430
     0
    45
    76
  5606
 28153
 36279
 31461
 37423
 45377
 45425
 39338
 18820
  1952
     0
     0
     0
     0
     0
     0
     0
     0
     0
     0
     0
     6
    15
     0
     0
     0
     0
     0
     0
     0
     0
     0
     0
     0
     0
     0
     0
     0
     0
     0
     0
     0
     0
     0
     0
     0
     0
     0
     0
     0
     0
     0
     0
     0
     0
     0
     0
     0
     0
     0
     0
     0
     0
     0
     0
     0
     0
     0
     0
     0
     0
    84
  7264
 96630
139433
139433
139433
139433
139433
139433
133859
106575
119994
117570
138628
139433
139433
139433
139433
139433
139433
139433
137115
139433
139433
139433
136246
139313
139433
129997
111598
138965
139433
139433
139433
138857
139433
139423
135755
133742
137630
131409
120853
108390
 83458
 61144
 52858
 48022
 48418
 55328
 77447
 74423
 56481
 44707
 53796
 70198
 69958
 53494
 25647
  7893
  3079
     0
     0
     0
     0
     0
    12
    85
   306
  2710
  6723
 12797
 29931
 29135
 11843
  2928
   654
   179
     0
     1
     0
     0
     0
     0
     0
     0
  3836
 51992
113121
139433
139433
139433
139433
135627
117510
100004
 69492
 32724
 24657
 17335
 13404
  5617
  1842
  7715
  8427
  1908
    35
     0
     0
     0
     0
     0
   107
     3
    38
     0
     0
     0
     0
    12
     0
     0
     0
     0
     0
     0
     0
     0
     4
     0
     0
     0
     0
     0
     0
     0
     0
     0
     0
     0
     0
     0
     0
     0
     0
     0
     0
     0
     0
     0
     0
     0
  2622
 45158
 62459
 38897
 18124
   299
     0
    55
  5245
  5073
 56986
 42367
 21501
 24402
 43657
 56078
 63868
 76536
 89937
 99589
113961
125516
139424
135465
 94920
 85625
 93521
123580
139433
137225
114541
 83465
 91067
132570
139433
139433
139433
139433
139433
139433
139433
124262
108716
134782
137492
105975
104416
 93880
 71013
 40691
 17010
  4139
   439
     1
     0
  6463
 10901
 10472
 13020
137323
138932
137938
139033
139433
139345
139433
136882
121240
112520
106576
 92208
 50709
 21820
  6955
  2350
   146
    64
     0
     0
     0
    39
   370
   638
   702
   257
   163
  2907
  6361
  7422
 11310
 12801
 14120
 11996
  9402
  2062
    98
    19
   280
  5878
  5193
  1075
   400
     0
     0
     0
     0
     0
     0
     0
     0
     0
     0
     0
     0
     0
     0
     0
     0
     0
     0
     0
     0
     0
     0
     0
     0
     0
     0
     0
     0
     4
     0
     0
     0
   793
  1595
  1653
  4291
  3325
  1306
     9
     0
     0
     0
     0
     0
     0
     0
     0
     0
     0
     0
     0
     0
     0
     0
     0
     0
     0
     0
     0
     0
     0
     0
     0
     0
     0
     0
     0
     0
     0
     0
     0
     0
     0
     0
     0
     0
     0
     0
     0
     0
     0
     0
     0
     0
     0
     0
     0
     0
     0
     0
     0
     0
     0
     0
     0
     0
     0
     0
     0
     0
     0
     0
     0
     0
     0
     0
     0
     0
     0
     0
     0
     0
     0
     0
     0
     0
     0
     0
     0
     0
     0
     0
     0
  1157
  1127
  1213
   113
   182
   123
   118
    33
     4
     0
     0
     0
     0
     0
     0
     0
     0
     0
     0
     0
     0
     0
     0
     0
     0
    20
     0
     0
     0
     0
     0
     0
     0
     0
     0
     0
     0
     0
     0
     0
     0
     0
     0
     0
     0
     0
     0
     0
     0
     0
    21
    56
     0
     0
    19
     9
     0
     0
     0
     0
  8956
 28795
 48855
 89660
139398
139433
139433
139433
139433
139433
139433
139433
139433
139433
139433
139433
139433
139433
139433
139433
139433
139433
139433
139433
139433
139433
139433
139433
139433
139433
139433
139433
139433
139433
139433
139090
139426
139428
138949
139433
138969
139433
139433
139433
139433
139433
139433
139433
139433
139433
     0
     0
     0
     0
     0
     0
     0
     0
     0
     0
     0
     0
     0
     0
     0
     0
     0
     0
     0
     0
     0
     0
     0
     0
     0
     0
     0
     0
     0
     0
     0
     0
     0
     0
     0
     0
     0
     0
     0
     0
     0
     0
     0
     0
     0
     0
     0
     0
     0
     0
     0
     0
     0
     0
     0
     0
     0
     0
     0
     0
     0
     0
     0
     0
     0
     0
     0
     0
     0
     0
     0
     0
     0
     0
     0
     0
     0
     0
     0
     0
     0
     0
     0
     0
     0
     0
     0
     0
     0
     0
     0
     0
     0
     0
     0
     0
     0
     0
     0
     0
     0
     0
     0
     0
     0
     0
     0
     0
     0
     0
     0
     0
     0
     0
     0
     0
     0
     0
     0
     0
     0
     0
     0
     0
     0
     0
     0
     0
     0
     0
     0
     0
     0
     0
     0
     0
     0
     0
     0
     0
     0
139433
139433
139433
139433
139433
139433
139433
139433
139433
139433
139433
139433
139433
139433
139433
139433
137330
127821
 75662
 52472
 48230
 59400
 51086
 48732
 51073
 70354
 72464
 80203
 98885
 77615
 42247
  7929
   975
  4508
   350
     0
     0
     0
     0
     0
     0
     0
     0
     0
     0
     0
     6
    75
     0
     0
     0
     0
     0
     0
     0
     0
     0
     0
     0
     0
     0
     0
     0
     0
     0
     0
     0
     0
     0
     0
     0
     0
     0
     0
     0
     0
     0
     0
     0
     0
     0
     0
     0
     0
     0
     0
     0
     0
     0
     0
     0
     0
     0
     0
     0
     0
     0
     0
     0
     0
     0
     0
     0
     0
     0
     0
     0
     0
     0
     0
     0
     0
     0
     0
     0
     0
     0
     0
     0
     0
     0
     0
     0
     0
     0
     0
     0
     0
     0
     0
     0
     0
     0
     0
     0
     0
     0
     0
     0
  4030
 24068
 49112
 70084
 51248
 25577
 38852
 37628
 62800
 66994
 49508
 20421
  4524
     9
     0
     0
    22
     0
     0
     0
     0
     0
     0
   719
  2590
  2230
   569
    60
    61
     0
     0
     0
     0
     0
     0
     0
     0
     0
     0
     0
     0
     0
 13961
 25198
114089
139433
139433
139433
139433
139433
139433
139433
139433
139433
139433
139433
134927
134375
135448
135568
116212
108692
 63428
 66258
 73607
 56654
 50493
 59115
 78237
 85892
 81646
 67108
 58203
 49903
 39009
 25560
 30139
 68186
 77408
 78656
 59885
 51830
 46401
 34408
 27007
 23272
  9451
   983
     0
     0
     0
     0
     0
   340
   707
    67
   112
   748
  2426
   871
     0
     0
     0
     0
     0
     0
     0
     0
     0
     0
     0
     0
     0
     0
     0
     0
     0
     0
     0
     0
     0
     0
     0
     0
     0
     0
     0
     0
     0
     0
     0
     0
     0
     0
     0
     0
     0
     0
     0
     0
     0
     0
     0
     0
     0
     0
     0
     0
     0
     0
     0
     0
     0
     0
     0
     0
     0
     0
     0
     0
     0
     0
     0
     0
     0
     0
     0
     0
     0
     0
     0
     0
     0
     0
     0
     0
     0
     0
     0
     0
     0
     0
     0
     0
     0
     0
     0
     0
     0
     0
     0
     0
     0
     0
     0
     0
     0
     0
     0
     0
     0
     0
     0
     0
     0
     0
     0
     0
     0
     0
     0
     0
     0
     0
     0
     0
     0
     0
     0
     0
     0
     0
     0
     0
     0
     0
     0
     0
     0
     0
     0
     0
     0
     0
     7
  3543
  5622
  4532
  3201
  2888
  1286
  3454
  6199
  6859
  4803
  1662
  5334
  6391
  2794
   125
    29
  4066
  1480
  2512
  1099
  1065
  5381
  9841
 13444
 23919
 29625
 41729
 44496
 42626
 37717
 34176
 30848
 17787
  2709
   850
 12514
 21340
 26909
 31501
 25956
 21849
 30366
 33325
 37557
 36517
 32702
 31975
 31232
 27299
 32055
 31717
 48144
 61473
 74308
 70511
 53603
 38351
 41550
 55790
 56812
 59153
 70433
 98323
127839
136331
119923
119229
139433
137327
133389
119750
110409
115386
116211
121927
139433
139433
139392
139366
139433
139433
139433
139433
139433
139433
139433
139433
139433
139433
139433
139433
139433
139433
139433
139433
139433
139433
139433
139433
139433
139433
139433
139433
139433
139433
139433
139433
132262
119887
109922
112322
108052
114296
106233
 92686
104231
131130
139433
139433
139433
139433
139433
139433
139433
139433
139433
138190
130794
129533
127335
128002
125508
116711
203456
170456
146850
117074
 95104
 82834
104048
 75726
 32644
 10660
     0
     0
    20
    60
     0
    40
   302
  2430
  1882
    88
    32
    42
     0
    28
   120
  3872
  5188
  3172
   488
     0
     0
     0
     0
     0
     0
     0
     0
     0
     0
    68
 20142
148806
278722
278866
278866
278866
139433
139433
139433
139433
139433
139433
139433
139433
139433
139433
139433
139433
139433
139433
139433
139433
139433
139423
120672
133536
127148
119534
 86574
 37752
 29691
 38194
 44854
 83776
135676
139433
139433
139433
139433
139411
137871
133787
135085
139433
135964
119728
105230
107546
 77469
 53588
 54799
 42546
 73400
 99625
 77277
 34631
 37654
198436
276154
278866
262578
174882
209922
223706
278866
278866
278866
278866
278866
278866
278866
278866
278866
278866
139433
139433
139433
139433
139433
139433
139433
139433
139433
139433
139433
139433
139433
139433
139433
139433
139433
139433
138321
 81634
116626
127833
122051
128756
117584
 91038
 71333
128862
157602
168860
191710
188330
157232
101552
 18602
   480
   854
 31930
126214
189608
231906
226504
246008
275028
278594
278010
278388
271468
278534
278188
277746
278754
278768
278398
248368
251246
250730
264238
258882
225812
214990
156728
 20542
     0
     0
     0
     0
     0
   664
  2976
  2606
  1608
  6160
  7108
  2470
    64
     0
     0
     0
     0
     0
   572
  2252
   824
     0
     0
     0
     0
     0
     0
     0
    18
  1466
  2530
  3252
  2338
  5314
 13170
 12956
  3592
    72
     0
     8
    40
     0
     0
    42
     0
     0
     0
     0
     0
     0
   588
  2172
 21664
 45410
 28850
 25778
 31422
 49728
 55666
 36688
 15368
  1238
   148
     0
     0
     8
     0
     0
     0
     0
     0
     0
     0
     0
     0
     0
     0
     0
     0
     0
     0
     0
     0
     0
     0
     0
     0
     0
     0
     0
     0
     0
     0
     0
     0
     0
     0
     0
     0
     0
     0
     0
     0
     0
     0
     0
     0
     0
     0
     0
     0
     0
     0
     0
     0
     0
     0
     0
     0
     0
     0
     0
     0
  2656
 25518
 38316
 51942
 50949
 17790
 38889
 76053
107371
126682
138410
139271
139433
139433
139433
139433
139433
139433
139433
139433
139433
139433
139433
139433
139423
134058
121433
101856
 81286
 87577
 76141
116394
188964
253666
262596
255344
265436
262658
251034
254622
265642
272532
278866
278866
278866
278866
278866
278866
278866
278866
278866
278866
278866
278866
278866
278866
278866
278866
278866
278866
278806
276772
277188
276040
265364
236850
278138
246328
267074
278866
277732
238638
211034
233434
273850
266564
278866
270806
250260
276468
251052
230156
234926
230008
180838
144814
210998
271030
278866
278866
278866
278866
278866
278866
278866
278866
268954
278866
278026
278866
278866
278848
257736
244274
255222
276970
253744
245668
225416
270016
278866
255002
150316
167150
257562
271312
278866
278866
270810
278866
278640
241886
266516
266840
269936
253770
259242
247702
217886
144178
116876
156620
136390
126430
156096
167572
185366
249076
233202
232486
242948
201306
121540
 92884
 38480
 30634
 36286
 52124
 81238
 81482
 63600
 12918
     0
     0
     0
     0
    28
     0
     0
     0
     0
     0
     0
     0
     0
     0
     0
     0
    20
    34
     0
    26
     0
     0
     0
     0
     0
     0
     0
     0
     0
     0
     0
   330
   106
     0
     0
     0
     0
     0
     0
     0
     0
     0
     0
     0
     0
     0
     0
     0
     0
     0
     0
     0
     0
     0
     0
     0
     0
     0
     0
     0
     0
   146
     0
    10
     0
     0
     0
     0
     0
     0
     0
     0
     0
     0
     0
     0
     0
     0
     0
     0
     0
     0
     0
     0
     0
     0
     0
     0
     0
     0
     0
     0
     0
     0
     0
     0
     0
     0
     0
     0
     0
     0
     0
     0
     0
     0
     0
     0
     0
     0
     0
     0
     0
     0
     0
     0
     0
     0
     0
     0
     0
     0
     0
     0
     0
     0
     0
     0
     0
     0
     0
     0
     0
     0
     0
     0
     0
     0
     0
     0
     0
     0
     0
     0
     0
     0
     0
     0
     0
     0
     0
     0
     0
     0
     0
     0
     0
     0
     0
     0
     0
     0
     0
     0
     0
     0
     0
     0
     0
     0
     0
     0
     0
     0
     0
     0
     0
     0
     0
     0
     0
    12
  1424
  5806
  5670
  8312
  9702
  3198
  1026
  3936
  3062
     6
     0
     0
     0
     0
     0
   210
     0
     0
     0
     0
     0
     0
  7394
131772
278262
278866
278866
278866
278866
278866
278866
278866
278866
246220
261692
278866
278866
277060
275916
273394
270814
265766
247374
227876
235392
254090
220574
229452
263020
277630
268422
236056
216932
212218
201788
278632
276096
270476
219994
268830
277448
278866
278508
274954
197982
159262
132540
130566
168392
122666
111318
137068
154952
147186
 66708
 35314
 45616
124282
242056
251132
223672
185632
158500
152996
136808
134608
176838
232396
235632
228514
246454
216866
165898
106126
 84216
 82976
 48686
 10604
  2756
 21840
 50896
 66920
 59880
 31210
  9260
  8212
142434
115872
 46958
 69776
 84304
150598
187780
217420
273448
278866
278866
278866
278866
278866
278866
139433
139433
139433
139433
139433
139433
139433
139433
139433
139433
139433
139433
139433
139433
139433
139433
139433
139433
139433
139433
139433
139433
139433
139433
139433
139433
137919
128758
138772
139433
139310
139433
139433
139433
139433
139433
139433
138271
131376
124276
120990
126048
133325
136078
130115
129198
105140
 98334
139433
139433
139433
139433
139433
127416
129550
 97265
 78364
 68442
 74765
138448
138500
137914
139433
139433
139433
139433
122498
 63190
 39858
 20601
  1148
     0
   268
   328
     0
  3520
110654
139367
139433
139433
139433
139433
139433
139433
139433
139433
139433
139433
139433
139433
139433
139430
139213
134218
120552
130727
126864
126453
132892
122878
125214
112570
112218
108605
119705
134670
135265
131513
139178
139433
139433
139433
139433
139111
106096
108081
 97062
 75597
 69745
 47383
 21806
 36589
 42438
 50500
 45941
 18887
  5744
  3152
  3126
  1050
   136
   594
  1008
   818
   358
     0
     0
     0
     0
     0
     0
   146
     0
    20
     0
   250
    12
     0
     0
     0
     0
   116
     0
  1504
  3486
   126
     0
     0
     0
     0
     0
     0
     0
     0
     0
     0
     0
     0
     0
     0
     0
     0
     0
     0
     0
     0
     0
     0
     0
     0
     0
     0
     0
     0
     0
     0
     0
     0
     0
     0
     0
     0
     0
     0
     0
     0
     0
     0
     0
     0
     0
     0
     0
     0
     0
     0
     0
     0
     0
     0
     0
     0
     0
   230
  1286
     8
     0
     0
     0
    40
     0
     0
    10
     0
     0
     0
  9688
  2730
     0
     0
  2082
  3171
  8048
   162
     0
 11567
 46731
 36188
   247
 24056
 80129
118754
135421
139433
139433
139433
139433
139433
139433
139433
139433
139433
139214
136618
136130
134982
112335
 96149
 73823
 68359
 70235
 63305
 32716
 53168
 92894
203594
277038
278866
278866
278866
278866
278866
275106
278866
278866
278866
278866
278866
278866
278866
278866
278866
277296
274090
278866
278866
278866
278866
278834
278770
185364
 60630
 40460
139824
226652
252886
200578
126000
 98238
109468
100316
108014
156266
195444
229216
183394
153686
146960
141008
131680
108156
 79764
 59178
 35460
 10254
 41516
117078
164402
272022
278866
278866
278866
278866
278866
278866
278866
278866
139433
139433
139433
139433
139433
139433
139433
139433
139433
139433
139433
139433
139433
139433
139433
139433
139433
139433
139433
139433
139433
139433
139433
139433
139433
139433
139433
139433
139433
139433
139433
136943
139433
139433
134342
 95857
115569
135170
137467
128692
 93569
 75552
 76332
 84341
133899
137422
248230
220444
238544
224136
153100
108248
 82642
 48732
 20646
  3906
   598
     0
     0
   346
     0
     0
   488
   888
   858
  1050
   562
   570
  2696
  9072
 19260
 56840
111670
119660
 81878
 75180
 34466
  2356
     0
     0
     0
     0
     0
     0
     0
     0
    20
    32
   216
   662
    12
     0
  2178
 19516
 37052
 52032
 65392
 61356
 43920
 11542
    50
     0
     0
     0
     0
     0
     0
     0
     0
     0
     0
     0
     0
     0
     0
     0
     0
    98
   336
   626
     0
     0
     0
     0
     0
     0
 15332
 34008
 34784
 22490
  9624
  5178
  6918
 17056
 18786
 17510
  3168
     0
     0
   452
  2146
  7128
 35026
 58216
 50904
 44112
 25866
   268
     0
     0
     0
     0
     0
     0
     0
     0
     0
     0
     0
     0
     0
     0
     0
     0
     0
     0
     0
  1848
 13914
 21604
 33718
 25220
 57780
 54476
 47266
119104
158406
204894
250356
276986
254726
202604
163728
125488
 84886
 67638
118882
188932
165612
159580
158404
150892
127240
 99312
 66424
 33936
  7270
     0
     0
     0
     0
     0
     0
     0
     0
     0
     0
     0
     0
     0
     0
     0
     0
     0
   118
   482
  1406
  1506
     0
     0
     0
     0
    36
   128
   298
  1490
  4212
  9218
 16820
 26886
 39576
 44620
 35934
  3168
    34
     0
     0
     0
     0
     0
     0
     0
     0
     0
     0
     0
     0
     0
     0
     0
    22
  1262
  7046
 13618
 19188
 27294
 26520
  2568
     0
     0
     0
     0
     0
     0
     0
     0
     0
     0
     0
     0
     0
     0
     0
   250
   286
   470
  1586
  7380
 16536
 27390
 30026
  1042
     0
     0
     0
     0
     0
     0
     0
     0
     0
     0
     0
     0
     0
     0
   568
  6594
 10514
 12914
 14868
 22916
 30096
 33100
 20348
  2048
  4264
 38028
101246
182848
180850
171596
157224
180496
228752
236444
266968
275530
278860
278866
278420
215692
171488
154156
165050
256384
251252
272994
278866
272030
275900
272070
278866
268900
186130
243266
278302
265588
182880
113052
 58816
 41188
 11830
 65864
214042
269680
276374
274520
278300
253978
225252
207502
190536
134620
 92660
 84540
146800
251208
247266
186364
141182
 98486
 79156
 89950
 89840
 93206
 75504
 46614
 23578
   324
     0
     0
     0
     0
     0
     0
     0
     0
    72
    56
 18026
161766
276976
278854
255510
196300
154352
101482
 34736
     0
     0
     0
     0
     0
     0
     0
     0
     0
     0
     0
     0
     0
     0
   358
   276
    28
    92
   468
   418
   120
     0
     0
     0
    34
    20
   106
   842
  7366
 17916
 21986
 19388
 20144
 20392
 15550
 10994
  4330
   148
     0
     0
     0
     0
     0
     0
     0
     0
     0
     0
     0
     0
     0
     0
   490
  7402
 21246
 32072
 31426
 27584
 22788
 13730
    46
     0
     0
     0
     0
     0
     0
     8
     0
     0
     0
     0
     0
    12
  3600
  7554
 12908
 22642
 30858
 39860
 49416
 50500
 29614
 19300
  6054
   484
     0
     0
     0
     0
     0
     0
     0
     0
     0
     0
     0
     0
   118
  2764
 10148
 43254
 61140
 61370
 52586
 39198
 27174
 19334
 10596
  1750
   106
     0
     0
     0
     0
     0
     0
     0
     0
     0
    48
   700
  3270
 10746
 16440
 20564
 18662
 15760
 16754
 17202
 16422
 13482
  3898
     0
     0
     0
     0
     0
     0
     0
     0
     0
     0
     0
     0
     0
     0
     0
     0
   134
  1086
   904
  4058
 11214
 20698
  2060
     0
     0
     0
     0
     0
     0
     0
     0
     0
     0
     0
     0
     0
     0
     0
     0
     0
     0
     0
    84
    94
     0
     0
     0
     0
     0
     0
     0
     0
     0
     0
   456
   402
   382
    20
     0
     0
     0
     0
     0
     0
     0
     0
     0
     0
     0
  4574
 12990
  4122
     0
     0
     0
     0
     0
  1542
  1442
   452
     0
     0
     0
    12
   104
    24
     0
     0
   196
   270
     2
     0
     0
     0
     0
     0
     0
     0
     0
     0
     0
     0
     0
     0
    58
   100
     0
     0
     0
     0
     0
     0
     0
     0
     0
     0
     0
     0
     0
     0
     0
     0
     0
     0
     0
  8082
  6362
 10474
  2998
     0
     0
     0
     0
     0
     0
     0
   532
  8238
 65150
175758
218274
273944
278248
278094
278866
278866
257190
253846
257884
191934
169750
171938
118766
 12008
 78428
 79208
 96128
187696
242348
274274
278866
278866
275880
231262
180174
 98768
 76732
 35328
 17404
 72748
138674
147884
276420
278866
278866
278866
278866
278866
278866
278866
278866
278866
278866
273150
275160
256748
221968
240534
277318
253436
277386
278866
278866
278866
278866
278864
269634
262762
228040
170772
111440
 74292
 44486
 46690
 23874
 10582
   176
 14092
 38500
 26708
 28452
 41970
100506
182714
208114
211582
241784
276976
271756
246100
255988
240332
221570
205524
195196
171560
106566
 61430
 28864
   992
  6934
  9652
  3306
  6976
 11736
 25156
 42150
 56428
 52096
 15576
  2996
 10268
105664
123412
 86428
 53390
 36556
 24590
  8692
  6708
  4004
     0
 27044
118494
195864
259444
273804
278660
278866
278866
278866
278866
278866
278866
278866
278866
278866
278866
278866
278866
278866
278866
278866
278866
278866
246720
194166
174076
143900
125608
124234
131010
151974
134296
107364
 54798
 35820
 26338
 13422
  8462
 13820
 23250
 24076
 17774
 19996
 32668
 33510
 28546
 17326
 22068
 26862
  7196
     0
     0
     0
     0
   108
  1932
  6890
 20804
 19846
 35594
 72414
237032
270790
278866
278866
278866
278866
278866
278866
278866
278866
278866
278866
278866
278458
269866
221796
216998
241390
232768
176546
 99030
 52506
 20934
  9304
 10536
 16066
 20236
 16260
 18438
 30382
 43542
 37646
  1804
     0
     0
     0
     0
     0
     0
     0
     0
     0
     0
     0
     0
     0
     0
     0
     0
     0
     0
     0
     0
     0
     0
     0
     0
     0
     0
    12
   124
    30
     0
     0
     8
    28
     0
     0
     0
     0
     0
     0
     0
     0
     0
     0
   106
   694
   942
  1386
   398
   762
   422
 34218
213260
235126
180552
136736
160674
155874
173600
199032
226504
246838
278008
235308
114806
108764
129168
 96022
 35468
 25194
  9626
     0
  7756
  7160
   408
     0
     0
     0
     0
     0
     0
     0
     0
     0
     0
     0
     0
     0
     0
     0
     0
     0
     0
     0
     0
     0
     0
     0
     0
     0
    80
    14
     0
    12
    12
    62
   200
  1266
  1320
   172
     0
     0
     0
     0
     0
   168
   600
   394
   434
  1056
  1312
    88
    18
     0
     0
     0
     0
     6
     0
     0
   916
  2506
  2736
    90
     0
     0
     0
     0
   364
  2102
  4376
  6432
  5468
  2886
  3644
  2388
  1426
    50
    78
  1128
  2628
  9260
 19142
 23878
 23060
 20136
 14434
  1430
     0
     0
     0
     0
     0
   406
     0
     0
     0
     0
     0
     0
     0
     0
     0
     0
     0
    22
   240
   342
   774
  2398
  1184
     0
     0
     0
     0
     0
     0
     0
     0
     0
     0
     0
     0
     0
     0
     0
     0
     0
     0
     0
     0
     0
     0
     0
     0
     0
     0
     0
     0
     0
     0
     0
     0
     0
     0
     0
     0
     0
     0
    16
  1114
 12599
104508
138962
139433
138924
139433
139433
115877
139423
139433
139433
139433
139433
139433
139433
139433
139433
139433
139433
139433
139433
124964
139433
139433
139433
139433
139433
139433
139433
139433
139433
139433
139433
139433
139433
139433
139433
139433
139433
139433
139433
139433
127737
139433
139433
139433
139433
103386
 75527
 56133
 35844
 40275
 35891
 29931
 23952
 18505
 12543
  8600
 11817
  3577
  7121
 75570
122030
186916
173320
153192
 93414
 40778
 35430
 22832
  2922
     0
     0
     0
     0
     0
     0
     0
  4968
  5638
  4354
   430
     0
     0
  1132
   322
   190
    98
   250
   436
   332
   368
  3544
  6718
  1350
   192
     0
     0
  1202
  6502
  1964
     0
     0
     0
     0
     0
     0
     0
   636
  4284
 15668
 17830
 15002
  5356
  4208
   386
     0
   276
     0
     0
     0
     0
     0
     0
     0
     0
     0
     0
     0
     0
     0
  2878
  3136
  1350
    68
 85766
143742
225548
265016
257308
256318
203046
161978
201778
211382
210328
239346
244166
225950
162298
192168
150760
147312
137744
242402
198146
109302
188698
257260
227842
220000
247486
247174
236938
225576
214370
191872
252286
278782
278866
278866
278866
278866
246930
233682
236450
209460
262602
260246
221858
253122
267382
265652
271712
239776
237710
227714
214060
190682
 77810
   870
     0
     0
     0
   166
   628
  1572
  1222
   222
   132
     8
     0
     0
     0
     0
    12
    20
     8
     0
     0
     0
     0
     0
     0
     0
     0
     0
     0
    46
    68
     0
     0
     0
     0
     0
     0
     0
     0
     0
     0
     0
     0
     0
     0
     0
     0
     0
     0
     0
     0
     0
     0
     0
     0
     0
     0
     0
     0
  2624
 20654
   292
   324
  2306
  1356
   244
  2826
 64812
120452
239996
276208
278650
274800
268506
273300
278132
262270
269036
251874
220344
184896
193166
164386
160786
142144
237740
260236
256146
199298
111648
 80164
 75856
 78654
100140
278866
278866
278866
278866
278866
278866
278866
278866
278866
278866
278866
278866
278866
276760
270258
262942
271636
265700
266262
257314
224340
148512
128646
137934
138892
147022
110738
100534
 87352
 73204
 57052
 59608
 68542
 70634
 64202
 43680
 49684
 30254
 22886
 31190
 49522
 53200
 47844
 42928
 32650
 20976
 19370
 26978
 35746
 19708
 23862
 46576
 44440
 23724
 18492
 47172
 84888
 76574
 13748
     0
     0
     0
     0
     0
   760
  3124
 17168
 38812
 41156
 27424
  9000
  1150
     0
     0
     0
     0
     0
     0
     0
     0
     0
     0
     0
     0
     0
     0
     0
     0
     0
     0
     0
     0
     0
     0
     0
     0
     0
     0
     0
     0
     0
     0
     0
     0
     0
     0
     0
     0
     0
     0
     0
     0
     0
     0
     0
     0
   350
     0
     0
   630
 15856
 16824
 18648
 36674
 30942
  8178
  1528
     0
     0
     0
     0
    62
   206
    88
    42
     0
     0
   100
   556
  1534
   452
   136
     0
     0
     0
  1502
  3184
   638
     0
     0
     0
     0
     0
     0
    18
     0
  3382
 13522
 24692
 23996
 24414
104074
174722
197324
202308
190054
176582
159222
133642
107564
 98832
 69638
 25232
 21270
 14520
  6814
  1024
   188
     0
    50
   184
   238
     0
   224
  1358
  1466
     8
     0
     0
     0
     0
     0
     0
     0
     0
     0
     0
 76786
110346
 25446
  6710
  1678
  4234
152994
258376
178598
152012
182630
193128
233184
230352
204046
163936
115088
 98952
 98154
109876
113266
114982
 97630
 81576
 66638
 58174
 47420
 19288
 33708
 16914
 17468
 31704
 47712
 39004
 19868
   978
  1720
  1358
  7358
  8052
  7262
 12374
 16334
  5070
     0
     0
     0
     0
     0
     0
     0
     0
     0
     0
     0
     0
     0
     0
     0
     0
     0
     0
     0
     0
     0
     0
     0
     0
     0
     0
     0
     0
     0
     0
     0
     0
     0
     0
     0
     0
     0
     0
     0
     0
     0
     0
     0
     0
     0
     0
     0
     0
     0
     0
     0
     0
     0
     0
     0
     0
     0
     0
     0
     0
     0
     0
     0
     0
     0
     0
     0
     0
     0
     0
     0
     0
     0
     0
     0
     0
     0
     0
     0
     0
    78
    48
    86
     0
     0
     0
     0
     0
     0
     0
     0
     0
     0
     0
     0
     0
     0
     0
     0
     0
     0
     0
     0
     0
     0
     0
     0
     0
     0
     0
     0
     0
     0
     0
     0
   842
  1518
  2830
  2304
     0
     0
     0
     0
     0
     0
     0
     0
     0
     0
     0
    48
    26
     0
     0
     0
     0
     0
     0
    30
     0
   506
  1046
   198
   266
     0
     0
     0
     0
     0
     0
     0
     0
     0
     0
     0
     0
     0
     0
     0
     0
     0
     0
     0
     0
  1632
  1010
     0
     0
     0
     0
     0
     0
   258
  6700
  1060
 10954
 22278
 45994
 35002
 21398
  6578
 10700
 13086
 11050
 10880
 11000
 14958
 19954
 23364
 27534
 47058
 49740
 52678
 61790
 55688
 33506
 29656
 46298
 40360
 37776
 61148
 70516
 62388
 56600
 65768
 64130
 55134
 60162
 69628
 84066
 91208
 96812
103228
113964
103132
 81914
 93754
 89830
 32516
 14708
  1132
  1790
   754
     0
    76
   390
   144
   478
   554
 10316
 42330
 71078
 99952
115086
119122
113040
 88372
 53090
 47542
 42360
 21302
  3894
  1102
   182
   102
    16
   436
   734
    30
   272
  1094
   106
     0
     0
     0
     0
    68
  4308
 23406
 27430
 25582
 25036
 24306
  5824
   256
  1036
  3136
  1076
     0
     0
     0
     0
     0
     0
     0
     0
     0
     0
     0
     0
     0
     0
  1494
  5494
  4658
  3670
   420
   232
     0
   360
    24
     0
     0
     0
     0
     0
     0
     0
     0
     0
     0
     0
     0
   592
  3202
  6112
  7824
  9892
  9104
 12150
 14574
  7682
  1980
   148
   502
   214
    82
     0
     0
     0
   102
  1136
  4748
 20146
 17516
  7508
  4052
  2172
   928
   764
  3518
  7492
  7548
  8066
 16628
 24648
 50780
 86342
 92228
 89374
108084
124184
110184
 94466
 90206
 87898
 72260
 51200
 50962
 34142
 19560
  4312
  3006
 11970
 29014
 38436
 62576
 88270
114126
113064
 94480
 70244
 36592
 13106
     0
     0
     0
     0
     0
   356
  1386
     0
     0
     0
    80
  1392
  4434
  9888
 11574
 10088
 13738
  6574
  6392
  6776
   512
     0
     0
     0
     0
     0
     0
     0
  1264
  9110
 13224
  2376
    12
     0
  3840
 40076
 62634
 69520
 73704
 71920
 65698
 66790
 64374
 48426
 47504
 15870
  1276
     0
     0
     0
     0
     0
     0
  4592
  4594
     0
     0
    30
  1050
 24044
 46208
 48422
 58846
 80770
101504
 81506
 55982
 30764
 11058
  1426
   242
    20
     0
     0
     0
     0
     0
  9948
 44588
 67570
 40280
 25238
101124
194712
276844
278866
278866
278866
278866
273948
172898
141304
132932
131662
151760
175586
178108
153870
109168
125984
143600
153816
152304
135700
125998
106556
113632
108514
 42518
  8914
 24044
 32474
 17596
  6456
    50
     0
     0
     0
     0
     0
     0
     0
     0
     0
    48
     0
     0
     0
     0
     0
     0
     0
     0
     0
     0
     0
     0
     0
     0
     0
     0
     0
     0
     0
     0
     0
     0
     0
     0
     0
     0
     0
     0
     0
     0
     0
     0
     0
     0
     0
     0
   220
   328
    50
     0
     0
     0
     0
     0
     0
     0
     0
     0
     0
     0
     0
     0
     0
     0
     0
     0
     0
    42
   960
   878
  1418
   864
    66
    28
     0
     0
     0
     0
     0
     0
     0
     0
     0
     0
     0
     0
     0
     0
   776
  1834
  2476
  5022
  8516
 11952
  6720
  2146
   174
     0
     0
     0
     0
     0
     0
     0
     0
     0
     0
     0
     0
     0
     0
     0
     0
     0
     0
   288
     0
     0
     2
     0
     0
     0
     0
     0
     0
     0
     0
     0
     0
     0
     0
     0
     0
     0
     0
     0
     0
     0
     0
     0
     0
     0
     0
     0
     0
     0
     0
     0
     0
     0
     0
     0
     0
     0
     0
     0
     0
     0
     0
     0
     0
   388
   528
     0
    32
    20
    70
     0
     0
     0
     0
     0
     0
     0
  2992
 14440
 34898
 52622
 58510
 64860
 35872
  9414
   376
     0
    28
  6688
 37752
 48422
 34202
 35474
 31800
 23436
 10378
  5756
  1096
   232
   246
    90
     0
    42
 14902
 57444
 77790
 77718
 65244
 42990
  3330
   896
  5866
 15164
 19838
 19150
 17488
  9092
  7798
  7350
  9172
  9824
  6524
  1478
    74
    26
     0
     0
  3390
 25974
 44326
 45884
 42454
 17138
     0
   138
  1770
  2566
  8136
 12850
 16794
 18388
 21630
 29930
 22152
 14680
  5736
   220
     0
  6664
 25702
 51082
 72928
 78044
 93892
 97000
 70610
  7110
     0
   376
  3450
  6500
  6220
  5984
  9096
 11248
  9222
  1602
   550
   434
    46
     0
     0
     0
     0
     0
  9044
 15214
 14376
 12972
  9116
  5858
     0
  2096
  4186
  2014
   810
  1492
  2546
 11088
 19132
 28982
 15298
 10044
  2000
   116
     0
     0
     0
     0
     0
  1888
  3666
  4470
  2416
     0
    50
  3374
  7960
  9514
  5940
  4940
  6512
  9740
  5802
  3066
  1904
   736
   286
  3096
  8386
  5678
   544
 10726
 29896
 58280
113182
209854
236022
276252
278172
214004
133378
 68100
 19238
     0
     0
     0
 26648
 27026
 14284
  3026
   536
     0
     0
   962
 17166
 57166
111510
136106
154122
163854
149520
105882
 35388
  8634
   604
  3466
 10624
 15946
 12416
 12490
 12222
 12384
 17234
 17568
 16096
  7410
  2434
   214
     0
     0
   144
  1334
 11720
 16698
 10208
    28
     0
     0
    72
  1776
  4420
  5330
  6568
  9072
  8358
  7100
  8866
 10460
  8126
  3432
  1878
   448
    44
     0
  6508
  6790
  6312
  5172
   834
     0
     0
     0
     0
     0
     0
     0
     8
    12
    12
    38
   134
  1518
  2096
   606
   186
     0
     0
     0
     0
     0
  6742
  7088
  6680
  1714
     0
     0
     0
     8
    96
    66
     0
     0
     0
     0
     0
     0
     0
     0
     0
     0
     0
     0
     0
   212
  3384
  4304
   692
     0
     0
     0
     0
     0
     0
     0
     0
     0
     0
     0
     0
     0
     0
     0
     0
     0
     0
     0
     0
     0
     0
     0
     0
     0
     0
     0
     0
     0
     0
     0
     0
     0
     0
     0
     0
     0
     0
     0
     0
     0
     0
     0
     0
   402
  1994
  7392
  5510
   292
     0
     0
     0
     0
     0
     0
     0
     0
     0
     0
     0
     0
     0
     0
     0
     0
     0
   184
 98466
186840
144394
117782
 72740
104092
105098
278866
278866
278866
278120
278866
278866
278866
277908
274276
255450
253498
252216
275318
264628
264568
259076
262454
264708
260636
262054
260572
237336
221886
192190
200890
189064
187078
173542
145506
112740
 93224
 78950
 63712
 54976
 44046
 45708
 20482
   568
   142
  1456
  1596
 22752
 23194
  4436
  2610
  2828
  2828
  1062
   212
   876
  3568
  6490
   820
  7016
 22454
 74064
 90252
 77688
 79700
 82450
 60514
 47898
 87890
 86866
 77300
 64692
 66838
102032
114300
 86838
136004
184924
204644
231164
260896
254814
256200
272658
264772
261734
205988
155930
 90306
212336
278836
167218
106776
 99102
 98044
127228
156544
 99336
 30576
   342
  3062
 26864
130750
160014
142716
127548
 86300
 69186
 49724
 29092
 11724
  3980
   842
   602
   106
     0
     4
    16
   538
  3896
 17590
 35134
 34160
 21154
  3378
     0
     0
     0
     0
     0
     0
     0
     0
     0
     0
     0
     0
     0
     0
     0
     0
     0
     0
     0
   638
  4516
  8048
  2990
     0
     0
     0
     0
     0
     0
     0
     0
     0
     0
     0
     0
     0
     0
     0
     0
     0
     0
     0
     0
     0
     0
     0
     0
     0
     0
     0
     0
     0
     0
     0
     0
     0
   140
    12
    50
     0
     0
     0
     0
     0
     0
     0
     0
     0
     0
     0
     0
     0
     0
     0
     0
     0
     0
     0
     0
     0
     0
     0
     0
     0
     0
     0
     0
     0
     0
     0
     0
     0
     0
     0
     0
     0
     0
     0
     0
     0
     0
     0
     0
     0
     0
     0
     0
     0
     0
     0
     0
     0
     0
     0
     0
     0
     0
     0
     0
     0
     0
     0
     0
     0
   828
   696
   416
   468
  1954
   538
     0
     0
     0
     0
     0
     0
     0
     0
     0
     0
     0
     0
     0
     0
     0
     0
     0
     0
     0
    84
  1072
   650
   102
    46
     0
     0
     0
     0
     0
     0
     0
     0
     0
     0
     0
     0
     0
     0
     0
     0
     0
    42
    20
     0
     0
     0
     0
     0
     0
     0
     0
     0
     0
     0
     0
     0
     0
     0
     0
     0
     0
     0
     0
     0
     0
     0
  1762
  2140
  6506
  7518
  8202
     0
     0
     0
     0
     0
     0
     0
     0
     0
     0
     0
     0
     0
     0
     0
     0
     0
     0
     0
   170
  4808
  5158
  6684
  6798
   142
  1014
     0
     0
     0
     0
     0
     0
     0
     0
     0
     0
     0
     0
     0
     0
     0
     0
     0
     0
     0
     0
     0
     0
     0
     0
     0
     0
     0
     0
     0
     0
     0
     0
     0
     0
     0
     0
     0
     0
     0
     0
     0
     0
     0
     0
  3426
  4320
     0
     0
     0
  3542
 13682
  4476
   660
     0
     0
     0
  5310
 32592
 50380
  6338
 14162
 16872
 27418
 23536
   972
     0
  2488
  4684
  1216
    44
     0
     0
     0
     0
     0
     0
     0
     0
     0
     0
     0
     0
     0
     0
     0
     0
     0
     0
     0
     0
     0
     0
     0
     0
     0
     0
     0
     0
     0
     0
     0
     0
  2440
  4816
 14434
 32818
 35964
 26246
  1748
     0
     0
     0
     0
     0
     0
     0
     0
     0
     0
     0
     0
     0
     0
     0
     0
     0
     0
  1390
  3524
  2110
  2574
   494
     0
     0
     0
     0
     0
     0
     0
     0
     0
     0
     0
     0
     0
     0
     0
     0
     0
     0
     0
     0
     0
     0
     0
     0
     0
     0
     0
     0
     0
     0
     0
     0
     0
     0
     0
     0
     0
     0
     0
     0
     0
     0
     0
     0
     0
     0
     0
     0
     0
     0
     0
     0
     0
     0
     0
     0
     0
     0
     0
     0
     0
     0
     0
     0
     0
   158
  3290
  5316
  5014
  3992
  3348
  2388
     0
     0
     0
     0
     0
     0
     0
    14
   174
     2
     0
     0
     0
     0
     0
     0
     0
     0
     0
     0
   532
  1490
     0
     0
     0
     0
     0
     0
     0
   480
   902
   914
   408
   410
     0
    14
     0
     0
     0
     0
     0
     0
     0
     0
     0
     0
     0
     0
     0
     0
     0
   288
  2680
  3314
  2808
  2918
  1458
  1344
  1230
   624
   154
     0
     0
     0
   702
  2880
  5160
 13182
 26142
 35154
 32868
 14156
     0
     0
     0
     0
    18
   296
   742
  1410
   808
   312
     0
     0
     0
     0
     0
  5044
 10682
 19312
 26206
 29074
 34762
 48966
 40616
 18404
   212
     0
     0
     0
     0
     0
     0
     0
     0
     0
     0
     0
     0
     0
     0
  1730
 16494
 39700
 55768
 70524
 83134
 88202
 81518
 48364
 16858
     0
     0
     0
     0
     0
     0
     0
     0
     0
     0
     0
     0
     0
     0
     0
     0
     0
     0
  3026
  7640
 17190
 34194
 29772
  9668
     0
     0
     0
     0
     0
     0
     0
     0
     0
     0
     0
     0
     0
     0
     0
     0
     0
     0
     0
     0
     0
    48
     0
     0
     0
     0
     0
     0
     0
     0
     0
     0
     0
     0
     0
     0
     0
     0
     0
     0
     0
   534
  1216
  2780
  2862
  1370
     0
     0
     0
     0
     0
     0
     0
     0
     0
     0
     0
     0
     0
     0
     0
     0
     0
     0
     0
     0
     0
     0
     0
     0
     0
     0
     0
     0
     0
     0
     0
     0
    50
   606
   816
   562
   178
    80
     0
     0
     0
     0
     0
     0
     0
     0
     0
     0
     0
     0
     0
     0
     0
     0
     0
    76
   448
   382
    64
    42
     0
     0
     0
     0
     0
     0
     0
     0
     0
     0
     0
     0
     0
     0
     0
     0
     0
   364
  1088
  2036
  1828
  2058
  1210
   764
    96
    72
     0
     0
     0
   912
     0
     0
     0
     0
    38
  1892
  1324
     0
     0
     0
     0
    60
   728
   886
   928
   924
   346
   130
    52
     0
     0
     0
     0
     0
     0
     0
     0
     0
     0
    52
     0
     0
     0
     0
     0
   532
   964
   528
   366
     0
     0
    68
   108
     0
     0
     0
   528
   112
     0
   332
   306
     0
     0
     0
     0
     0
     0
     0
     0
    92
   140
   344
   544
   280
     0
     0
     0
     0
     0
     0
     0
     0
     0
     0
     0
     0
     0
     0
     0
     0
     0
     0
     0
     0
     0
     0
     0
     0
     0
     0
     0
     0
     0
     0
     0
     0
     0
     0
     0
     0
     0
     0
     0
     0
     0
     0
     0
     0
     0
     0
     0
     0
     0
     0
     0
     0
     0
     0
     0
     0
     0
     0
     0
     0
  4344
  6590
  6116
  3664
    30
     0
     0
     0
     0
     0
     0
  5186
     0
     0
     0
     0
     0
     0
     0
     0
     0
     0
    12
   324
  4242
 11596
 12056
  6434
     0
     0
     0
     0
     0
     0
     0
     0
     0
     0
     0
     0
     0
     0
     0
     0
     0
    30
  3560
  5416
 10168
 13690
 10788
  4258
    26
     0
     0
     0
     0
     0
     0
     0
     0
     0
     0
     0
     0
     0
     0
  1794
  5630
  5446
  3248
   328
   858
  4534
  4748
    94
     0
     0
     0
     0
     0
     0
     0
     0
     0
     0
     0
     0
     0
     0
   206
  5740
  8778
  6392
  5038
  4938
  2638
   100
   182
     0
     0
     0
     0
     0
     0
     0
     0
     0
     0
     0
     0
     0
     0
     0
     0
     0
     0
     0
     0
     0
     0
     0
     0
     0
     0
     0
     0
     0
     0
     0
     0
     0
     0
     0
     0
     0
     0
     0
     0
     0
   174
   122
  3878
 22562
 41636
 49970
 43300
 14176
    26
     0
     0
     0
     0
  1614
  2046
  1804
   568
    36
     0
  7090
 44412
 14784
  1904
     0
     0
  2760
   296
     0
  5292
 21736
 15608
   146
  4104
 52484
 18914
 13342
  8314
 11904
 10972
 24310
 35820
 20758
  9218
  4458
 10348
  8686
     0
     0
     0
     0
     0
     0
     0
     0
     0
     0
     0
     0
  4614
  6594
  5954
  7756
 15820
 14702
  8312
  2448
     0
     0
     0
     0
     0
     0
     0
     0
     0
     0
     0
   394
   132
     0
     0
     0
  1244
  3462
  3936
  3350
  2658
  3990
  3624
  1144
     0
     0
     0
     0
     0
     0
     0
     0
     0
     0
     0
     0
     0
     0
     0
     0
     0
     0
     0
     0
     0
     0
     0
     0
     0
     0
     0
     0
     0
     0
     0
   748
  2376
  1328
   868
     0
     0
     0
     0
     0
     0
     0
     0
  1274
  2820
  4014
  1092
     0
  4350
  1014
     0
     0
     0
     0
     0
     0
     0
     0
     0
     0
     0
     0
     0
     0
     0
  1268
  7320
 11116
 12472
  4812
  2440
     0
     0
     0
     0
     0
     0
     0
     0
     0
     0
     0
     0
     0
     0
     0
     0
     0
     0
   174
  3562
  1676
  3184
  4166
  4174
     0
     0
     0
     0
     0
     0
     0
     0
     0
     0
     0
     0
     0
     0
     0
     0
     0
     0
     0
     0
  1986
  2162
  2410
     0
     0
     0
     0
     0
     0
     0
     0
     0
     0
     0
     0
     0
     0
     0
     0
     0
     0
     0
     0
     0
     0
     0
     0
     0
     0
     0
     0
     0
     0
     0
     0
     0
     0
     0
     0
     0
     0
     0
     0
     0
     0
     0
     0
     0
     0
     0
     0
     0
     0
     0
     0
     0
     0
     0
     0
     0
     0
     0
     0
     0
  3900
  4594
     0
     0
     0
     0
     0
     0
     0
     0
     0
     0
     0
     0
     0
     0
     0
     0
     0
     0
   122
 11084
 29674
 35648
 43334
 39254
 21188
     0
     0
     0
     0
     0
     0
     0
     0
     0
     0
     0
     0
     0
     0
     0
     0
     0
  2116
  9388
 20138
 32822
 43704
 32976
 13298
     0
     0
     0
     0
     0
     0
     0
  3014
   864
   298
  1742
     0
     0
   278
  7606
 13140
 18174
 27408
 46210
 50100
 42986
 45204
 31622
  1690
   106
     0
  3134
  8118
  9164
 10268
  3228
  3528
     2
     0
  1010
   472
     0
   460
  6692
 17206
 18630
 23476
 35258
 44190
 53722
 51282
 41614
 21480
   280
     0
  1434
  3826
  1086
   826
   648
  2334
  3126
   890
     0
   704
     0
  2062
  2196
  8176
  8726
 13644
 23072
 27348
 22678
 18162
 10412
  3010
     0
     0
     0
     0
     0
    58
     0
     0
     0
     0
     0
     0
   708
   688
  5804
 18024
 32414
 35478
 52200
 62744
 67744
 73192
 58308
 21374
     0
     0
     0
     0
    42
     0
     0
     0
     0
     0
     0
     0
     0
     0
     0
  2344
 11380
 16416
 21838
 20418
 20170
 22386
 22852
  9324
     0
     0
     0
     0
     0
     0
     0
     0
     0
     0
     0
     0
     0
     0
     0
     0
    20
  5682
  7246
  4516
  7346
 15424
 15328
  6168
     0
     0
     0
     0
     0
     0
     0
     0
     0
     0
     0
     0
     0
   992
  6738
 15000
 17614
 17650
 17366
 17806
 25104
 40310
 50638
 33806
  1248
     0
     0
     0
     0
     0
     0
     0
     0
     0
     0
     0
     0
   178
  4048
 13914
 12112
  3950
  1220
  2094
  4228
 17516
 22904
 34960
 23526
  3410
     0
     0
     0
     0
     0
     0
     0
   376
   326
     0
     0
     0
  2690
  5064
  7240
  9148
  4554
  1718
  3800
 13744
 11936
  4484
   318
     0
   172
  1400
  1860
  3274
  4970
  5314
  5054
  3710
  1630
   338
     0
   566
   988
   156
     0
     0
     0
     0
    78
    66
     0
     0
     0
     0
     0
     0
   784
  2900
  4070
  4268
  6612
     0
     0
     0
     0
     0
     0
     0
     0
     0
     0
     0
     0
     0
    40
     0
     0
     0
     0
     0
   160
  1016
  1846
     0
     0
     0
     0
     0
     0
     0
     0
     0
     0
     0
     0
     0
     0
     0
     0
     0
     0
     0
     0
     0
     0
     0
     0
     0
     0
     0
     0
     0
     0
     0
     0
     0
     0
     0
     0
    90
   370
  1036
   624
     0
     0
     0
     0
     0
     0
     0
     0
     0
     0
     0
     0
     0
     0
     0
     0
     0
     0
     0
   124
  1506
  3710
  4942
  3574
  3440
  1000
     0
     0
     0
     0
     0
     0
     0
     0
     0
     0
     0
     0
     0
     0
     0
     0
     0
     0
  5310
 14342
 26608
 34384
 23686
  9462
  2156
    46
  1344
  5914
  7562
 12406
 11062
  1380
  2330
     0
     0
     0
     0
     0
     0
     0
     0
   100
  1412
 13710
 30090
 36010
 10390
    44
     0
     0
 11658
 20622
 19934
 17652
 19632
 25114
 24486
 11082
 28292
 33324
  8496
 11066
 18224
  9114
 25468
 12622
   930
  1970
  8624
  8690
     0
     0
     0
     0
   192
   478
   804
   492
    72
    18
     0
     0
     0
     0
     0
   768
 11718
 22868
 27086
 35616
 42768
 48968
 56016
 51098
 25516
   310
     0
     0
     0
     0
    66
   564
   244
     0
     0
     0
     0
     0
     0
     0
     0
     0
     0
  4896
  5354
  6312
  6022
  4576
  1910
     0
     0
     0
     0
     0
     0
     0
     0
     0
     0
     0
     0
     0
     0
     0
     0
     0
     0
     0
     0
   842
  2464
  2524
     0
     0
     0
     0
     0
     0
     0
     0
     0
     0
     0
     0
     0
     0
     0
     0
     0
     0
     0
   292
  5870
 11020
 14572
 15386
  2028
     0
     0
     0
     0
     0
     0
     0
     0
     0
     0
     0
     0
     0
     0
     0
     0
     0
     0
   144
 11152
 18722
 13534
 10742
  8594
  1640
     0
     0
     0
     0
     0
     0
     0
     0
     0
     0
     0
     0
     0
     0
     0
     0
  1792
  5346
  9826
 14416
 17052
 20918
 12306
     8
     0
     0
     0
     0
     0
     0
     0
     0
     0
     0
     0
     0
     0
     0
  2180
  1920
  6150
 13022
 23754
 38414
 59160
 73530
 59746
 15194
     0
     0
     0
     0
     0
     0
     0
     0
     0
     0
     0
     0
     0
     0
     0
     0
     0
  1474
  3354
  5436
 10866
  9636
 22076
   804
     0
     0
     0
     0
     0
     0
     0
     0
     0
     0
     0
     0
     0
     0
     0
     0
     0
     0
     0
     0
    18
    96
     0
     0
     0
     0
     0
     0
     0
     0
     0
     0
     0
     0
     0
     0
     0
     0
     0
     0
     0
     0
     0
     0
     0
     0
     0
     0
     0
     0
     0
     0
     0
     0
     0
     0
     0
     0
     0
     0
     0
     0
     0
     0
     0
     0
     0
     0
   124
     0
     0
     0
     0
     0
     0
     0
  2562
 17852
 33020
  8706
 43758
 69728
 66962
 38316
 65886
119766
112856
 61596
 32410
  1698
     0
     0
     0
     0
     0
     0
     0
     0
     0
  9812
 37418
 40798
 46898
 86494
115066
 75954
 55362
 95018
114782
139404
171518
137278
 44688
 34238
 22290
 34320
 80606
 56578
   806
     0
     0
     0
     0
     0
  5870
  7332
     0
     0
     0
     0
     0
     0
     0
     0
     0
     0
     0
   298
  1078
  4768
 11144
 23582
 38116
 37836
  3004
     0
     0
     0
     0
     0
   200
   168
   514
  1454
   796
    58
  1372
  1914
   820
    76
  4716
 15854
 26154
 38268
 54058
 58492
 36418
 12508
  4336
  6896
 11640
 11146
  9762
 12026
 14574
 18770
 16734
  8230
  1720
   798
  5984
 16364
 15674
 32088
 44824
 41726
 36740
 52950
 73278
 78406
 66164
 23688
  7178
  7914
 10578
 13866
 18720
 24314
 23496
 14840
  6766
  1210
    38
     0
   888
 21136
 33850
 52514
 69484
 78050
 89984
 97216
 98074
 89994
 71060
 23908
   544
     0
  1384
  5332
 12842
 28502
 33756
 23384
 16552
 22586
 44678
 58942
 11992
     0
     0
     0
     0
   316
   576
     0
     0
     0
     0
     0
     0
     0
     0
     0
     0
     0
     0
     0
     0
     0
     0
     0
     0
     0
     0
     0
     0
     0
     0
     0
     0
     0
     0
     0
     0
     0
 13200
 74896
 77886
 96470
177636
208134
245890
239902
135606
 94796
 62166
 86402
172162
153482
 70620
  3056
     0
     0
     0
     0
   486
     0
     0
     0
     0
     0
     0
  3260
 17996
  3302
     0
     0
   372
 28068
 34564
  6906
  7628
     0
     0
  1472
  8188
  8534
  1562
  2248
  1830
  2006
     0
     0
   110
    78
   136
   608
   124
   170
   288
  1110
   686
   228
     0
     0
     0
     0
     0
     0
     0
   392
 14634
 13590
  5538
     0
     0
     0
     0
     0
   334
   230
     2
     0
     0
     0
     0
     0
     0
     0
     0
     0
     0
     0
    12
  2060
  9200
  8596
   144
     0
     0
     0
     0
     0
     0
     0
     0
     0
     0
     0
     0
     0
     0
     0
     0
     0
  1632
 17238
 29552
 33480
 29974
 34612
 24622
   160
     0
     0
     0
     0
     0
     0
     0
     0
     0
     0
     0
     0
  4256
 15018
 19950
 23162
 26212
 28642
 27852
 25348
 36622
 40242
 21406
   632
     0
     0
     0
     0
     0
     0
     0
     0
     0
     0
     0
     0
     0
   298
  1350
  1958
  6990
 39196
 75510
110152
130760
131640
123694
 83184
 17488
   164
  4682
 31734
 35374
 18940
 11450
 24590
 42018
 87866
 82146
 67568
 48722
 38228
 12164
  1862
   758
  1614
   406
  3268
 10528
 14316
  1596
    22
     0
     0
     0
     0
     0
     0
     0
     0
     0
     0
     0
     0
     0
     0
     0
     0
     0
     0
     0
    26
  1020
  1288
   110
     0
     0
     0
  4996
 43924
158184
205952
162270
123740
125324
126582
127178
102976
 85298
 71510
 75030
105634
107786
 96092
 69464
 61288
 86472
 89790
 93352
136306
146602
117254
109946
103540
127980
138726
 79674
 60706
 39126
  4586
   134
     0
     0
     0
     0
     0
    30
  1614
  4006
 12808
 24418
 27854
 11184
  1014
  1200
  3716
 12368
 43608
 74292
 70778
 35908
  4098
   658
     0
   268
     0
     0
     0
     0
     0
     0
     0
     0
     0
     0
     0
     0
     0
     0
     0
     0
     0
     0
     0
     0
     0
     0
     0
     0
     0
     0
     0
     0
     0
     0
     0
     0
     0
     0
     0
     0
     0
     0
     0
     0
     0
     0
     0
     0
     0
     0
     0
     0
     0
     0
     0
     0
     0
     0
     0
     0
     0
     0
     0
     0
     0
     0
     0
     0
     0
     0
     0
     0
     0
     0
     0
     0
     0
     0
     0
     0
     0
     0
    78
   250
     0
     0
     0
     0
     0
     0
     0
     0
     0
     0
     0
     0
     0
     0
     0
     0
     0
     0
     0
     0
     0
     0
     0
     0
     0
     0
     0
     0
     0
     0
     0
     0
     0
     0
     0
     0
     0
     0
     0
     0
     0
     0
     0
     0
     0
     0
     0
     0
  1624
  2712
   234
     0
     0
     0
     0
     0
     0
     0
     0
     0
     0
     0
     0
     0
     0
     0
     0
     0
     0
  1486
  5338
 17540
 38698
 51212
 47562
 21166
   542
     0
     0
     0
     0
     0
     0
     0
     0
     0
     0
     0
     0
     0
  2296
  2880
  4726
  5780
  9244
 16662
 22316
 35114
 39894
 31642
  7914
  1528
     0
     0
     0
     0
     0
     0
     0
     0
     0
     0
     0
     0
     0
