75412440
75371411
75336636
75306565
75280508
75257692
75237252
75219847
75204290
75223198
75248939
75280692
75317044
75355503
75393555
75428044
75456221
75474279
75467542
75461107
75455298
75449353
75443358
75437337
75431331
75425223
75419240
75412902
75406359
75399671
75384885
75378065
75372305
75388263
75411988
75446096
75382490
75153329
74817973
74519911
73976158
72362492
70169612
68159965
67283853
66941189
66825481
66772771
66732996
66697510
66665737
66635798
66607638
66579987
66553428
66523016
66492403
66464854
66427802
66386235
66332678
66274274
66217944
66172659
66133963
66101755
66074934
66057789
66041275
66024705
66008844
65994177
65980736
65968735
65957775
65947611
65937744
65928535
65919378
65910111
65899595
65918083
65936110
65956266
65979848
66008480
66043633
66081139
66116657
66129018
66125878
66123066
66120252
66117695
66115209
66112834
66110586
66108484
66106467
66104625
66102830
66100824
66099051
66097897
66096592
66129197
66166654
66209801
66256496
66304836
66351781
66394270
66429807
66446552
66447284
66448161
66448925
66449022
66449077
66449224
66449472
66449853
66450431
66451118
66451828
66452399
66452718
66453731
66454762
66491179
66535829
66586675
66642073
66699196
66754824
66805045
66846235
66859876
66859793
66860341
66861222
66862044
66862947
66863979
66865162
66866530
66867953
66869253
66870733
66872326
66874088
66875907
66876740
66924040
66981126
67046547
67117816
67191676
67264622
67331434
67386087
67400285
67400951
67403581
67406349
67409055
67412250
67415784
67419585
67423159
67426599
67430185
67433843
67437565
67441057
67444103
67445641
67506753
67579635
67662586
67751197
67841915
67931005
68013561
68081446
68097341
68098349
68101716
68105864
68109710
68113318
68117142
68121333
68125704
68130085
68134149
68137885
68141608
68145425
68149568
68152190
68217484
68294307
68380371
68470287
68563504
68657008
68744239
68815618
68838717
68838105
68837345
68837109
68837552
68838495
68839932
68841469
68843406
68845628
68847599
68848765
68849633
68850630
68851480
68851518
68908476
68972101
69049376
69131049
69213127
69294435
69370383
69432205
69446225
69437970
69430882
69425208
69420678
69417051
69414475
69412074
69410081
69408355
69406777
69405475
69404293
69402880
69401130
69398687
69438234
69489395
69565183
69652381
69744813
69835470
69917327
69979491
69982922
69971926
69961837
69952802
69945208
69938841
69933268
69928065
69922567
69914620
69907240
69890810
69856832
69845060
69833216
69828013
69861789
69914714
69997241
70095227
70194495
70290159
70378730
70450857
70463023
70457043
70450434
70443818
70437450
70431730
70426887
70422464
70417935
70413023
70407982
70403010
70397802
70393138
70388998
70384938
70431749
70481624
70557852
70642889
70728305
70813969
70890131
70936421
70943531
70939047
70933070
70927775
70921918
70908194
70893241
70679841
70092405
68981544
65036825
56589229
47114225
34951107
23954085
17939379
15662324
14517241
13369084
12497785
12021470
11857582
11763849
11672331
11642489
11613262
11530866
11418809
11353038
11307515
11290361
11277497
11265835
11255253
11241510
11207083
11082689
11059084
11055649
11049201
11037926
11033026
11028716
11020549
11016320
11009687
11001694
10980904
10948399
10931788
10913637
10907639
10872845
10784694
10728771
10700505
10688897
10681808
10674939
10667684
10660792
10655339
10648242
10640055
10626639
10610498
10582351
10569511
10563087
10551448
10529313
10505323
10480284
10463157
10453104
10448171
10438258
10430154
10416049
10409408
10404569
10398708
10391466
10386820
10386480
10386374
10386575
10386756
10386689
10386815
10387164
10387052
10387139
10387196
10387008
10387127
10387396
10387668
10387948
10388236
10388527
10388819
10389112
10389404
10389696
10389988
10390280
10390572
10390863
10391154
10391446
10391736
10392053
10392484
10392953
10393535
10394117
10394675
10395216
10395715
10396065
10396367
10396666
10396963
10397256
10397548
10397839
10398132
10398426
10398719
10399016
10399316
10399621
10399928
10400234
10400541
10400992
10401537
10402288
10403321
10404753
10406620
10408680
10410379
10410667
10410954
10411344
10411773
10412217
10412668
10413121
10413565
10413995
10414421
10414833
10415256
10415744
10416286
10416858
10417328
10420639
10426141
10435650
10449725
10468441
10490678
10511747
10523475
10518742
10513923
10510175
10507236
10505129
10503539
10502395
10501576
10500945
10500576
10500380
10500425
10500772
10501348
10502021
10502222
10522967
10549059
10582453
10619956
10658345
10694210
10724494
10740959
10738164
10735140
10732264
10729265
10726082
10722810
10719655
10716801
10714235
10711774
10709413
10707299
10705515
10704047
10702880
10702154
10719857
10741370
10772393
10806283
10840297
10871666
10897056
10908880
10906505
10904519
10902817
10901148
10899369
10897606
10895764
10890089
10865170
10841152
10810995
10760458
10730890
10727632
10727451
10727463
10742086
10759131
10783539
10813255
10845609
10876776
10902241
10916600
10918156
10917946
10918091
10918185
10917971
10915498
10866705
10792259
10708834
10674078
10521069
10470892
10462855
10456420
10455742
10454926
10456430
10457757
10462099
10465864
10477743
10488727
10475329
10461452
10451272
10445806
10437561
10409410
10382777
10372710
10371232
10369960
10368449
10366240
10363030
10360115
10358856
10357936
10355632
10353851
10352823
10352226
10351426
10350864
10350165
10350036
10350073
10349600
10349368
10349454
10349644
10349919
10350207
10350501
10350798
10351097
10351398
10351700
10352003
10352307
10352611
10352916
10353221
10353526
10353870
10354327
10354896
10355512
10356149
10356777
10357381
10357870
10358177
10358481
10358785
10359091
10359398
10359707
10360016
10360327
10360638
10360949
10361260
10361572
10361883
10362197
10362496
10362715
10362176
10359826
10356685
10353373
10350300
10346677
10341494
10336647
10333131
10328827
10324081
10321295
10320265
10319646
10319371
10319479
10319633
10319674
10318373
10316668
10315329
10315149
10314679
10312837
10308713
10306334
10305694
10304979
10302291
10299194
10297096
10296469
10294400
10293332
10293290
10293208
10292662
10292139
10291519
10290663
10288824
10288580
10286725
10282161
10280062
10280007
10279788
10279961
10279784
10280106
10280158
10280600
10281116
10281655
10282098
10282431
10282720
10282990
10283268
10283569
10283873
10284175
10284463
10284765
10285045
10285311
10284859
10283014
10277287
10272204
10266961
10258502
10249376
10238011
10232767
10230621
10221629
10205711
10189927
10176181
10169594
10164628
10157477
10149621
10144870
10136230
10129811
10127843
10127891
10128097
10128342
10128603
10128873
10129156
10129448
10129741
10130041
10130356
10130735
10131162
10131666
10132158
10132591
10132805
10132792
10132958
10133116
10132915
10132962
10132734
10132813
10131965
10128602
10128043
10127856
10127336
10125911
10123175
10122048
10122103
10122249
10122221
10122509
10122881
10123329
10123814
10124291
10124711
10125021
10125328
10125636
10125944
10126252
10126560
10126869
10127177
10127486
10127795
10128104
10128414
10128725
10129034
10129344
10129653
10129993
10130421
10130882
10131421
10131964
10132497
10133006
10133446
10133751
10134056
10134361
10134668
10134977
10135289
10135602
10135916
10136230
10136545
10136860
10137174
10137488
10137802
10138116
10138465
10138817
10139167
10139524
10139885
10140247
10140607
10140964
10141314
10141661
10142007
10142354
10142702
10143049
10143398
10143748
10144099
10144450
10144802
10145153
10145505
10145858
10146213
10146572
10146929
10147284
10147657
10148019
10148395
10148843
10149377
10149911
10150353
10150756
10151164
10151566
10151963
10152356
10152752
10153149
10153536
10153933
10154350
10154788
10155220
10155627
10156036
10156465
10156861
10157218
10157721
10158384
10159073
10159818
10160609
10161411
10161998
10162497
10162981
10163393
10163789
10164182
10164602
10164981
10165328
10165675
10166025
10166383
10166753
10167116
10167423
10167707
10168054
10168422
10168819
10169297
10169838
10170333
10170716
10171192
10171650
10172065
10172488
10172908
10173325
10173742
10174159
10174570
10174977
10175373
10175770
10176169
10176576
10176995
10177428
10177845
10178206
10178556
10178928
10179367
10180047
10180835
10181672
10182329
10182735
10183192
10183651
10184094
10184547
10184995
10185420
10185847
10186286
10186822
10187454
10188092
10188719
10189325
10189918
10190554
10191380
10191491
10191604
10191974
10192706
10193940
10195542
10196634
10196684
10196932
10197454
10198078
10198661
10199292
10199845
10200328
10200681
10201019
10201678
10202526
10203525
10204564
10205715
10207065
10208959
10209451
10210319
10211749
10212945
10214151
10215295
10216017
10216023
10216243
10216697
10217281
10217924
10218666
10219436
10220413
10221504
10222613
10223447
10224329
10225343
10226293
10227355
10228613
10230006
10230757
10231082
10232304
10234789
10236675
10237681
10237943
10237896
10238187
10238813
10239574
10240485
10241387
10242267
10243111
10244122
10245250
10246553
10247931
10249325
10250486
10251447
10252600
10254163
10254977
10255923
10259079
10262588
10265469
10267271
10267997
10268130
10268231
10268503
10268849
10269152
10269470
10269865
10270314
10270760
10271086
10271359
10271228
10270984
10270270
10270884
10271585
10272498
10273051
10274221
10275790
10277297
10278625
10279830
10280810
10281241
10281327
10281531
10281843
10282223
10282751
10283342
10283949
10284536
10285239
10286043
10286897
10287769
10288642
10289582
10290626
10291980
10292318
10293109
10293972
10295085
10295957
10296808
10297287
10297494
10297931
10298495
10299165
10300015
10300924
10301890
10302775
10303655
10304625
10305707
10306966
10308332
10309661
10310942
10312215
10313666
10314231
10314649
10316222
10318169
10319736
10320599
10321412
10321826
10322172
10322708
10323224
10323774
10324440
10325182
10326030
10326888
10327798
10328721
10329833
10330604
10331091
10331668
10332466
10333730
10334887
10336843
10338340
10339732
10341410
10343052
10343982
10343190
10337204
10323678
10302976
10291254
10272011
10255166
10246864
10242396
10240510
10240260
10240113
10240394
10240713
10241045
10241383
10241729
10242084
10242217
10241937
10242122
10242565
10242666
10242612
10243106
10243556
10243985
10244403
10244798
10245182
10245564
10245945
10246319
10246690
10247067
10247448
10247836
10248241
10248666
10249080
10249474
10249855
10250297
10250847
10251498
10252307
10253131
10253881
10254408
10254827
10255226
10255665
10256103
10256533
10256962
10257385
10257805
10258223
10258644
10259055
10259478
10259909
10260340
10260769
10261255
10261676
10262291
10263036
10263772
10264558
10265387
10266174
10266692
10267224
10267771
10268406
10269143
10269945
10270701
10271451
10272199
10273012
10273709
10274347
10274973
10275550
10276169
10276923
10277811
10278944
10280374
10279535
10274525
10260332
10249165
10242607
10241457
10241352
10241359
10241596
10241900
10242106
10242086
10241846
10240971
10238731
10237068
10236170
10235066
10233797
10231012
10227975
10225159
10220342
10217286
10216027
10212154
10209072
10207643
10206031
10204340
10197421
10193651
10190019
10188256
10186351
10185402
10184888
10184518
10184056
10183198
10182365
10181405
10179215
10178659
10178366
10178340
10178412
10178550
10178774
10178720
10178831
10178891
10178400
10178038
10178121
10178350
10178609
10178880
10179148
10179438
10179732
10180032
10180333
10180636
10180929
10181216
10181512
10181801
10182066
10182348
10182656
10182965
10183243
10183519
10183786
10184079
10184394
10184708
10185022
10185337
10185652
10185968
10186285
10186475
10186549
10186271
10185125
10182801
10182498
10182587
10182806
10183066
10183345
10183634
10183931
10184231
10184533
10184836
10185135
10185429
10185707
10186004
10186300
10186599
10186905
10187212
10187518
10187828
10188137
10188442
10188747
10189049
10189348
10189638
10189919
10190189
10190471
10190740
10191033
10191309
10191581
10191791
10192004
10192268
10192536
10192811
10193093
10193388
10193691
10193982
10194260
10194548
10194838
10195127
10195403
10195674
10195953
10196236
10196510
10196778
10197045
10197331
10197620
10197905
10198160
10198370
10198342
10198239
10198217
10198231
10198068
10198084
10198228
10198397
10198471
10198677
10198892
10198987
10198880
10198806
10198946
10199067
10199149
10199021
10198858
10198531
10198144
10197778
10197548
10197294
10196921
10196544
10195833
10194483
10193830
10193373
10192873
10192570
10192459
10192550
10192266
10191893
10191793
10191763
10191913
10192148
10192348
10192489
10192716
10192996
10193289
10193543
10193803
10194051
10194260
10194461
10194684
10194890
10195101
10195314
10195529
10195742
10195955
10196166
10196373
10196568
10196759
10196929
10197088
10197232
10197358
10197516
10197685
10197875
10198072
10198264
10198446
10198603
10198727
10198781
10198800
10198782
10198746
10198771
10198899
10199084
10199282
10199490
10199700
10199911
10200121
10200333
10200548
10200766
10200989
10201210
10201436
10201666
10201893
10202115
10202335
10202554
10202772
10202988
10203206
10203422
10203635
10203856
10204078
10204297
10204522
10204754
10205001
10205257
10205523
10205799
10206081
10206366
10206652
10206941
10207230
10207512
10207787
10208057
10208324
10208573
10208830
10209079
10209271
10209420
10209666
10209924
10210184
10210434
10210686
10210942
10211194
10211436
10211671
10211903
10212132
10212377
10212622
10212874
10213139
10213409
10213667
10213913
10214029
10214109
10214166
10214021
10214078
10213974
10213936
10213971
10214107
10214316
10214537
10214767
10215000
10215240
10215493
10215732
10215902
10216079
10216238
10216453
10216693
10216928
10217108
10217038
10216752
10216341
10216075
10215731
10215574
10215403
10215210
10215332
10215550
10215907
10216290
10216618
10216853
10217118
10217207
10217258
10217337
10217175
10217297
10217586
10217842
10218120
10218393
10218655
10218889
10219114
10219147
10218989
10218695
10218519
10218605
10218789
10218960
10219108
10219011
10218825
10218735
10218619
10218543
10218513
10218638
10218871
10219182
10219482
10219821
10220204
10220611
10221012
10221467
10221918
10222406
10222922
10223347
10223641
10223945
10224258
10224562
10224850
10225175
10225523
10225872
10226231
10226590
10226944
10227292
10227660
10228051
10228448
10228850
10229263
10229681
10230047
10230492
10231013
10231530
10232125
10232697
10233085
10233477
10233879
10234312
10234743
10235169
10235593
10235992
10236364
10236715
10237098
10237487
10237874
10238271
10238680
10239087
10239439
10239775
10240161
10240602
10241122
10241705
10242344
10242951
10243398
10243734
10244093
10244467
10244852
10245245
10245634
10246028
10246430
10246834
10247240
10247641
10248054
10248477
10248910
10249363
10249871
10250307
10250716
10251220
10251734
10252203
10252636
10252682
10245073
10239195
10238413
10238095
10237998
10237525
10237240
10236876
10234584
10229158
10223634
10218507
10214448
10210971
10208221
10204067
10196524
10186077
10174785
10162119
10149859
10137591
10126816
10115908
10104465
10094362
10083558
10074212
10065763
10058921
10052940
10048296
10043964
10040900
10038021
10034732
10032335
10029373
10025213
10020378
10014349
10008691
10003672
 9998931
 9995574
 9991095
 9984887
 9976523
 9965921
 9952155
 9939324
 9923467
 9910301
 9895794
 9881458
 9869860
 9859982
 9849871
 9839318
 9829575
 9821713
 9814059
 9805201
 9796425
 9788328
 9780341
 9771761
 9761395
 9747568
 9734440
 9720515
 9708504
 9695467
 9679544
 9665907
 9654171
 9644412
 9638721
 9636766
 9636318
 9635818
 9635700
 9635244
 9635509
 9635800
 9636105
 9636419
 9636735
 9637051
 9637363
 9637672
 9637990
 9638308
 9638624
 9638932
 9639226
 9639508
 9639774
 9640072
 9640384
 9640702
 9641023
 9641333
 9641629
 9641924
 9642212
 9642524
 9642843
 9643158
 9643477
 9643798
 9644118
 9644438
 9644758
 9645079
 9645400
 9645724
 9646049
 9646373
 9646695
 9647001
 9647299
 9647602
 9647926
 9648250
 9648575
 9648900
 9649224
 9649549
 9649875
 9650201
 9650527
 9650855
 9651176
 9651399
 9651599
 9651694
 9651227
 9650908
 9650218
 9649108
 9647379
 9645080
 9641968
 9637472
 9632479
 9627645
 9622950
 9617707
 9611480
 9605098
 9598046
 9589705
 9581726
 9576376
 9570836
 9564912
 9558507
 9551658
 9545061
 9538932
 9536446
 9536295
 9536291
 9536278
 9536288
 9536312
 9536325
 9536414
 9536546
 9536687
 9536749
 9536751
 9536307
 9535368
 9534051
 9531881
 9527696
 9524640
 9523384
 9521708
 9519871
 9518404
 9516824
 9515041
 9512524
 9509760
 9507579
 9504700
 9500082
 9495207
 9490333
 9485096
 9477818
 9469913
 9461521
 9453671
 9444885
 9435185
 9425874
 9414954
 9400930
 9388990
 9378289
 9368932
 9362243
 9359995
 9358881
 9357191
 9356827
 9356549
 9356343
 9356214
 9356077
 9355960
 9355580
 9355472
 9355747
 9356051
 9356353
 9356658
 9356974
 9357297
 9357626
 9357958
 9358290
 9358620
 9358948
 9359275
 9359603
 9359930
 9360258
 9360574
 9360781
 9360999
 9361323
 9361644
 9361882
 9362188
 9362488
 9362796
 9363126
 9363456
 9363789
 9364126
 9364463
 9364800
 9365137
 9365475
 9365815
 9366155
 9366494
 9366833
 9367173
 9367513
 9367853
 9368195
 9368536
 9368878
 9369217
 9369556
 9369868
 9370137
 9370408
 9370749
 9371083
 9371422
 9371761
 9372099
 9372437
 9372775
 9373113
 9373450
 9373792
 9374132
 9374469
 9374805
 9375142
 9375481
 9375818
 9376155
 9376491
 9376827
 9377162
 9377498
 9377835
 9378173
 9378499
 9378793
 9379105
 9379387
 9379640
 9379822
 9379912
 9380023
 9380126
 9380214
 9380293
 9380326
 9380433
 9380738
 9381057
 9381329
 9381547
 9381717
 9381835
 9382064
 9382363
 9382670
 9382973
 9383275
 9383582
 9383886
 9384199
 9384503
 9384751
 9384971
 9385209
 9385460
 9385745
 9386013
 9386275
 9386531
 9386783
 9387056
 9387342
 9387638
 9387704
 9387737
 9387816
 9387903
 9388025
 9388104
 9387937
 9387782
 9387757
 9387852
 9387926
 9388127
 9388405
 9388715
 9389002
 9389281
 9389614
 9389947
 9390278
 9390602
 9390936
 9391263
 9391587
 9391898
 9392196
 9392536
 9392913
 9393274
 9393641
 9394010
 9394384
 9394753
 9395113
 9395395
 9395679
 9396028
 9396388
 9396762
 9397135
 9397502
 9397863
 9398202
 9398488
 9398606
 9398506
 9397657
 9396480
 9394713
 9392771
 9389834
 9388610
 9387322
 9386849
 9385793
 9384843
 9383555
 9380475
 9376706
 9375276
 9374696
 9374821
 9375139
 9375486
 9375843
 9376206
 9376570
 9376937
 9377306
 9377675
 9378046
 9378419
 9378792
 9379162
 9379531
 9379901
 9380269
 9380634
 9381001
 9381369
 9381734
 9382101
 9382472
 9382846
 9383221
 9383596
 9383971
 9384344
 9384717
 9385090
 9385462
 9385835
 9386208
 9386582
 9386955
 9387330
 9387705
 9388080
 9388454
 9388833
 9389210
 9389587
 9389962
 9390336
 9390709
 9391081
 9391454
 9391828
 9392202
 9392575
 9392951
 9393326
 9393700
 9394076
 9394451
 9394828
 9395203
 9395579
 9395956
 9396332
 9396708
 9397085
 9397463
 9397844
 9398214
 9398581
 9398944
 9399304
 9399658
 9400018
 9400377
 9400720
 9401057
 9401398
 9401736
 9402072
 9402404
 9402736
 9403068
 9403398
 9403730
 9404060
 9404387
 9404717
 9405047
 9405375
 9405702
 9406001
 9406248
 9406471
 9406660
 9406968
 9407297
 9407622
 9407933
 9408214
 9408299
 9408266
 9408223
 9408111
 9408028
 9407920
 9407947
 9408098
 9408074
 9407906
 9407881
 9407829
 9407778
 9407683
 9407504
 9407219
 9406917
 9406772
 9406540
 9406654
 9406898
 9407164
 9407430
 9407687
 9407784
 9407731
 9407375
 9407049
 9406774
 9406419
 9405852
 9405550
 9405228
 9404803
 9404577
 9404446
 9404210
 9404023
 9403866
 9403589
 9403478
 9403622
 9403834
 9404048
 9404251
 9404436
 9404478
 9404498
 9404343
 9404084
 9403874
 9403816
 9403869
 9403934
 9404008
 9404170
 9404408
 9404677
 9404897
 9405047
 9405222
 9405418
 9405674
 9405902
 9406150
 9406433
 9406721
 9407001
 9407275
 9407551
 9407804
 9408071
 9408379
 9408633
 9408921
 9409180
 9409466
 9409731
 9409998
 9410190
 9410438
 9410736
 9411046
 9411368
 9411699
 9412025
 9412349
 9412655
 9412956
 9413288
 9413624
 9413921
 9414158
 9414418
 9414657
 9414853
 9415060
 9415317
 9415599
 9415878
 9416145
 9416417
 9416632
 9416684
 9416823
 9416969
 9417219
 9417530
 9417856
 9418194
 9418554
 9418921
 9419276
 9419611
 9419905
 9420131
 9420128
 9420109
 9420195
 9420388
 9420653
 9420872
 9421139
 9421448
 9421760
 9422080
 9422417
 9422750
 9423074
 9423391
 9423698
 9423882
 9424097
 9424408
 9424747
 9425104
 9425455
 9425796
 9426151
 9426522
 9426888
 9427148
 9427062
 9427148
 9427433
 9427683
 9427740
 9427995
 9428334
 9428702
 9429047
 9429371
 9429726
 9430081
 9430419
 9430764
 9431113
 9431470
 9431829
 9432142
 9432400
 9432650
 9432926
 9433204
 9433516
 9433833
 9434073
 9434246
 9434497
 9434728
 9434943
 9435205
 9435441
 9435491
 9434692
 9433080
 9430556
 9428149
 9425979
 9419029
 9409564
 9395546
 9382095
 9370705
 9358611
 9348448
 9339042
 9326666
 9313711
 9303558
 9294029
 9281207
 9270306
 9261070
 9257347
 9256340
 9255734
 9255145
 9254078
 9253332
 9253032
 9253135
 9253329
 9253606
 9253874
 9253997
 9253620
 9253041
 9251910
 9250583
 9248731
 9247231
 9245566
 9244146
 9243471
 9243147
 9243094
 9243299
 9243653
 9244033
 9244420
 9244810
 9245203
 9245599
 9245998
 9246401
 9246797
 9247123
 9247485
 9247869
 9248269
 9248683
 9249096
 9249509
 9249918
 9250327
 9250736
 9251145
 9251552
 9251972
 9252386
 9252796
 9253206
 9253622
 9254044
 9254463
 9254884
 9255300
 9255721
 9256149
 9256585
 9257012
 9257417
 9257678
 9258025
 9258391
 9258688
 9258982
 9259227
 9259363
 9259323
 9258481
 9256780
 9253664
 9246697
 9238736
 9230541
 9224370
 9220873
 9218844
 9216723
 9213799
 9210128
 9206802
 9197877
 9187900
 9179067
 9169912
 9161404
 9154302
 9148123
 9142489
 9136029
 9129464
 9124479
 9119736
 9111334
 9100657
 9091007
 9080386
 9065824
 9052073
 9037056
 9023081
 9009937
 9000407
 8991189
 8983539
 8976262
 8963216
 8949973
 8938329
 8930541
 8927708
 8926341
 8925034
 8923919
 8922796
 8920088
 8917831
 8915958
 8915309
 8914976
 8914397
 8912499
 8909514
 8906019
 8905689
 8905821
 8906122
 8906425
 8906711
 8906963
 8907188
 8907430
 8907712
 8908022
 8908342
 8908647
 8908951
 8909255
 8909521
 8909717
 8909938
 8909718
 8909143
 8908033
 8906937
 8906193
 8904127
 8900465
 8893349
 8888090
 8883218
 8879585
 8872691
 8863755
 8860192
 8859285
 8859179
 8858940
 8858823
 8858530
 8858136
 8857781
 8857834
 8857864
 8858033
 8858268
 8858525
 8858794
 8859096
 8859450
 8859820
 8860171
 8860518
 8860870
 8861232
 8861527
 8861658
 8861894
 8862201
 8862452
 8862751
 8862965
 8863203
 8863462
 8863746
 8864043
 8864346
 8864648
 8864954
 8865261
 8865566
 8865873
 8866181
 8866489
 8866797
 8867113
 8867427
 8867745
 8868061
 8868376
 8868687
 8869000
 8869309
 8869620
 8869935
 8870261
 8870597
 8870925
 8871250
 8871564
 8871877
 8872182
 8872488
 8872785
 8873085
 8873370
 8873617
 8873880
 8874133
 8874383
 8874667
 8874961
 8875254
 8875573
 8875871
 8876180
 8876467
 8876747
 8877029
 8877341
 8877654
 8877994
 8878302
 8878507
 8878598
 8878610
 8878736
 8878927
 8879108
 8879024
 8879135
 8879313
 8879547
 8879837
 8880137
 8880441
 8880753
 8881055
 8881302
 8881523
 8881834
 8882153
 8882456
 8882783
 8883099
 8883403
 8883704
 8884062
 8884365
 8884682
 8884983
 8885277
 8885580
 8885844
 8886093
 8886357
 8886653
 8886959
 8887303
 8887610
 8887920
 8888238
 8888516
 8888802
 8889083
 8889335
 8889557
 8889836
 8890148
 8890423
 8890728
 8890878
 8890835
 8890567
 8890149
 8889944
 8889773
 8889884
 8890166
 8890277
 8890368
 8890451
 8890628
 8890833
 8891066
 8891303
 8891491
 8891697
 8891798
 8891788
 8891928
 8892031
 8892084
 8892235
 8892343
 8892222
 8891970
 8891695
 8891387
 8891252
 8891087
 8890966
 8891135
 8891282
 8891461
 8891520
 8891683
 8892027
 8892326
 8892636
 8892704
 8892877
 8893133
 8893464
 8893801
 8894234
 8894854
 8895233
 8895320
 8895122
 8894846
 8894400
 8893613
 8892796
 8892192
 8891311
 8889778
 8888132
 8886873
 8885600
 8883432
 8880302
 8879045
 8878391
 8877994
 8877777
 8877557
 8877213
 8877319
 8877647
 8877988
 8878289
 8878584
 8878944
 8879310
 8879642
 8879928
 8880175
 8880426
 8880619
 8880903
 8881086
 8881297
 8881620
 8881949
 8882288
 8882617
 8882938
 8883226
 8883552
 8883844
 8884146
 8884421
 8884759
 8885150
 8885486
 8885877
 8886218
 8886557
 8886819
 8887038
 8887366
 8887755
 8888141
 8888506
 8888814
 8889181
 8889496
 8889832
 8890212
 8890620
 8891035
 8891400
 8891736
 8892152
 8892563
 8893000
 8893431
 8893844
 8894284
 8894653
 8895059
 8895491
 8895874
 8896229
 8896601
 8896899
 8897234
 8897575
 8897936
 8898416
 8898787
 8899210
 8899648
 8900088
 8900508
 8900937
 8901508
 8901942
 8902362
 8902777
 8903191
 8902768
 8901463
 8897796
 8894421
 8892743
 8891792
 8889933
 8889209
 8888830
 8885769
 8883084
 8879365
 8879077
 8879171
 8879315
 8879667
 8880047
 8880465
 8880894
 8881310
 8881640
 8882002
 8882378
 8882773
 8883177
 8883567
 8883952
 8884371
 8884759
 8885135
 8885521
 8885828
 8886182
 8886550
 8886880
 8887227
 8887590
 8887938
 8888283
 8888612
 8888946
 8889283
 8889625
 8889958
 8890287
 8890593
 8890889
 8891235
 8891585
 8891919
 8892267
 8892613
 8892948
 8893282
 8893613
 8893933
 8894316
 8894655
 8895015
 8895378
 8895731
 8896086
 8896444
 8896824
 8897203
 8897562
 8897890
 8898259
 8898613
 8898976
 8899334
 8899750
 8900125
 8900465
 8900790
 8901109
 8901439
 8901764
 8902083
 8902391
 8902726
 8903085
 8903425
 8903766
 8904105
 8904435
 8904777
 8905136
 8905499
 8905844
 8906193
 8906530
 8906873
 8907239
 8907594
 8907988
 8908362
 8908678
 8908973
 8909295
 8909794
 8910275
 8910599
 8910988
 8911292
 8911650
 8912122
 8912561
 8913044
 8913527
 8913984
 8914302
 8914612
 8915016
 8915431
 8915913
 8916568
 8917607
 8918617
 8919867
 8921145
 8922392
 8923356
 8924403
 8925505
 8926589
 8927547
 8928565
 8929508
 8930660
 8932048
 8932948
 8933665
 8934085
 8934405
 8934841
 8935704
 8936668
 8937623
 8938586
 8939516
 8940408
 8941424
 8942644
 8943779
 8944646
 8945224
 8945509
 8945595
 8945256
 8945488
 8945748
 8946245
 8946795
 8947568
 8948208
 8948691
 8949195
 8950004
 8950851
 8951646
 8952445
 8953170
 8953968
 8954778
 8955691
 8957135
 8958400
 8959371
 8960116
 8960751
 8961035
 8960948
 8960537
 8960075
 8960135
 8960733
 8961516
 8962289
 8962971
 8963389
 8964035
 8964495
 8964886
 8965299
 8965456
 8965821
 8966406
 8966666
 8967012
 8967095
 8967296
 8967314
 8967538
 8967471
 8967106
 8966415
 8965736
 8965317
 8965375
 8965768
 8966184
 8966784
 8967372
 8967577
 8967741
 8967798
 8967731
 8967673
 8967803
 8967798
 8967947
 8968109
 8968379
 8968520
 8968674
 8968721
 8968604
 8968716
 8968713
 8968792
 8968299
 8968443
 8968739
 8969126
 8969475
 8969813
 8970282
 8970827
 8971457
 8971855
 8972188
 8972747
 8973097
 8973305
 8973459
 8973817
 8974145
 8974321
 8974641
 8975185
 8975614
 8976209
 8976673
 8976960
 8977478
 8977750
 8977105
 8976187
 8975060
 8973981
 8973148
 8972943
 8973408
 8973308
 8972149
 8970610
 8968395
 8967463
 8967060
 8967028
 8966920
 8966901
 8967003
 8966668
 8966017
 8965289
 8964696
 8963707
 8962831
 8958964
 8957712
 8957134
 8956553
 8954982
 8954070
 8953919
 8954048
 8953967
 8953842
 8953937
 8953831
 8953760
 8953585
 8953498
 8953605
 8953667
 8952927
 8952463
 8949697
 8947948
 8944396
 8940408
 8925067
 8914914
 8907595
 8901407
 8894991
 8889161
 8882217
 8876482
 8874730
 8872695
 8872077
 8871810
 8871536
 8871225
 8871151
 8871134
 8870962
 8870827
 8870659
 8870580
 8870389
 8870082
 8869860
 8869558
 8869170
 8868670
 8868189
 8867753
 8867165
 8866467
 8865590
 8865163
 8864816
 8864888
 8865084
 8865295
 8865549
 8865789
 8866038
 8866319
 8866648
 8867019
 8867514
 8868001
 8868366
 8868753
 8869084
 8869383
 8869582
 8869698
 8869337
 8868659
 8868228
 8867737
 8866963
 8861638
 8856511
 8851079
 8850040
 8849652
 8849450
 8849221
 8847968
 8843632
 8842219
 8841704
 8841291
 8839083
 8835623
 8832416
 8828044
 8823882
 8818993
 8809788
 8801965
 8794968
 8790151
 8787182
 8782016
 8775315
 8767475
 8758797
 8749052
 8740434
 8731292
 8720010
 8701557
 8691434
 8673622
 8657681
 8637294
 8619458
 8602240
 8585458
 8571436
 8559418
 8550569
 8536500
 8522003
 8507530
 8492517
 8481812
 8469096
 8459498
 8454001
 8450037
 8446085
 8443187
 8442095
 8441043
 8440056
 8438812
 8435597
 8429242
 8419578
 8408886
 8399394
 8392974
 8387569
 8378445
 8371124
 8364381
 8359285
 8353305
 8348342
 8342683
 8339183
 8336690
 8333912
 8331610
 8329770
 8328605
 8328232
 8328160
 8328187
 8328221
 8328116
 8327576
 8326900
 8326206
 8324399
 8319192
 8311689
 8302112
 8290743
 8279744
 8268718
 8259737
 8250502
 8242645
 8234888
 8227427
 8220726
 8214255
 8207860
 8201868
 8196527
 8192301
 8188518
 8184626
 8180106
 8174515
 8170731
 8167735
 8165358
 8163013
 8160577
 8157540
 8151341
 8142005
 8133284
 8128829
 8124714
 8121265
 8113139
 8095807
 8074270
 8058170
 8046364
 8038390
 8035022
 8030882
 8030826
 8029512
 8029741
 8030004
 8030285
 8030599
 8030911
 8031235
 8031605
 8031911
 8032186
 8032461
 8032774
 8033057
 8033364
 8033703
 8034027
 8034356
 8034491
 8034494
 8034720
 8035217
 8035541
 8035767
 8035952
 8036229
 8036577
 8036918
 8037449
 8037873
 8038259
 8038497
 8038584
 8038584
 8038589
 8038634
 8038488
 8038184
 8038035
 8037779
 8037645
 8037727
 8037814
 8037962
 8038137
 8038393
 8038408
 8038376
 8038322
 8038287
 8038367
 8038518
 8038816
 8039072
 8039165
 8038978
 8038697
 8038564
 8038603
 8038553
 8038344
 8037750
 8037374
 8037450
 8037840
 8038237
 8038667
 8039042
 8039388
 8039723
 8040044
 8040269
 8040461
 8040748
 8040995
 8041229
 8041595
 8041943
 8042231
 8042531
 8042884
 8043241
 8043541
 8043856
 8044198
 8044404
 8044417
 8043857
 8043653
 8043790
 8044091
 8044379
 8044576
 8044676
 8044824
 8044990
 8044919
 8044831
 8044881
 8045036
 8045048
 8044970
 8044834
 8044928
 8045214
 8045434
 8045488
 8045194
 8045331
 8045416
 8045160
 8044582
 8044504
 8044325
 8044293
 8044266
 8044073
 8043641
 8043133
 8042286
 8041531
 8040968
 8040350
 8039294
 8037950
 8035921
 8033939
 8030920
 8026616
 8021155
 8015854
 8011288
 8005929
 8000681
 7997244
 7995918
 7995573
 7995460
 7995494
 7995710
 7995990
 7996271
 7996549
 7996660
 7996814
 7997122
 7997390
 7997589
 7997672
 7997404
 7996509
 7994216
 7990335
 7985217
 7979664
 7973226
 7966020
 7959502
 7953463
 7947755
 7942488
 7939641
 7938925
 7938701
 7938220
 7937194
 7936158
 7935479
 7935304
 7935201
 7935163
 7935349
 7935620
 7935951
 7936251
 7936542
 7936804
 7937049
 7937223
 7937212
 7937139
 7937063
 7936973
 7936555
 7935744
 7933569
 7932115
 7930803
 7930272
 7929527
 7929345
 7929169
 7929100
 7928908
 7928842
 7928885
 7929112
 7929435
 7929765
 7929941
 7930051
 7929726
 7928559
 7925737
 7922113
 7918897
 7914877
 7912365
 7909832
 7908093
 7905475
 7901574
 7894924
 7888537
 7881725
 7875487
 7867287
 7858437
 7845721
 7833325
 7818851
 7806500
 7794607
 7784099
 7773554
 7765316
 7757469
 7751124
 7745076
 7739276
 7734072
 7729319
 7723958
 7719142
 7715833
 7712330
 7708060
 7701769
 7695927
 7689740
 7685279
 7681225
 7676286
 7672515
 7668009
 7664815
 7662049
 7659046
 7655354
 7650426
 7645049
 7639597
 7630626
 7614382
 7586735
 7556840
 7535088
 7519612
 7512178
 7508167
 7507548
 7507597
 7507794
 7508043
 7508342
 7508644
 7508947
 7509251
 7509551
 7509880
 7510208
 7510511
 7510815
 7511130
 7511444
 7511780
 7512123
 7511312
 7511521
 7511675
 7511836
 7512027
 7512177
 7512321
 7512461
 7512596
 7512729
 7512873
 7513099
 7513340
 7513655
 7513981
 7514320
 7514662
 7515006
 7515353
 7515708
 7516090
 7516463
 7516835
 7517193
 7517552
 7517927
 7518308
 7518672
 7519035
 7519400
 7519766
 7520133
 7520503
 7520873
 7521244
 7521615
 7521989
 7522363
 7522740
 7523130
 7523519
 7523911
 7524297
 7524673
 7525048
 7525425
 7525801
 7526177
 7526575
 7526979
 7527360
 7527752
 7528162
 7528573
 7528959
 7529320
 7529691
 7530094
 7530509
 7530897
 7531281
 7531657
 7532032
 7532409
 7532785
 7533194
 7533605
 7534001
 7534387
 7534772
 7535147
 7535523
 7535896
 7536270
 7536643
 7537016
 7537389
 7537770
 7538151
 7538526
 7538904
 7539285
 7539666
 7540044
 7540426
 7540812
 7541196
 7541606
 7542014
 7542434
 7542825
 7543229
 7543618
 7543998
 7544387
 7544812
 7545208
 7545595
 7545992
 7546403
 7546822
 7547360
 7547701
 7547972
 7548289
 7548558
 7548679
 7548905
 7549101
 7549189
 7549331
 7549650
 7550043
 7550388
 7550017
 7550321
 7550377
 7550706
 7551083
 7551474
 7551858
 7552240
 7552625
 7553008
 7553390
 7553770
 7554152
 7554532
 7554912
 7555294
 7555676
 7556059
 7556443
 7556830
 7557221
 7557619
 7558013
 7558403
 7558785
 7559170
 7559561
 7559954
 7560348
 7560731
 7561140
 7561534
 7561929
 7562321
 7562720
 7563125
 7563522
 7563925
 7564333
 7564754
 7565162
 7565557
 7565950
 7566343
 7566757
 7567185
 7567598
 7568012
 7568429
 7568854
 7569257
 7569670
 7570077
 7570501
 7570902
 7571343
 7571766
 7572184
 7572619
 7573063
 7573527
 7573973
 7574413
 7574851
 7575304
 7575774
 7576238
 7576685
 7577144
 7577655
 7578136
 7578584
 7578994
 7579393
 7579777
 7580163
 7580550
 7580937
 7581325
 7581740
 7582186
 7582654
 7583171
 7583614
 7584061
 7584539
 7584969
 7585404
 7585835
 7586281
 7586729
 7586966
 7587225
 7587453
 7587546
 7587596
 7587626
 7587855
 7588317
 7588783
 7589231
 7589683
 7590318
 7590723
 7591100
 7591486
 7591896
 7592319
 7592779
 7593245
 7593656
 7594086
 7594485
 7594951
 7595416
 7595918
 7596406
 7596823
 7597302
 7597776
 7598418
 7598906
 7599006
 7599398
 7599616
 7599868
 7600058
 7600163
 7600233
 7600257
 7600304
 7600419
 7600548
 7600904
 7601204
 7601408
 7601773
 7602155
 7602492
 7602865
 7603242
 7603603
 7604001
 7604430
 7604807
 7605100
 7605481
 7605902
 7606294
 7606622
 7607034
 7607446
 7607856
 7608319
 7608721
 7609120
 7609558
 7609873
 7610164
 7610563
 7610996
 7611397
 7611846
 7612289
 7612768
 7613211
 7613648
 7614090
 7614517
 7614909
 7615335
 7615702
 7616129
 7616535
 7617011
 7617383
 7617768
 7618139
 7618517
 7618914
 7619316
 7619718
 7620129
 7620540
 7620951
 7621363
 7621776
 7622192
 7622624
 7623057
 7623486
 7623911
 7624456
 7624967
 7625410
 7625802
 7626230
 7626655
 7627136
 7627507
 7627887
 7628270
 7628655
 7629041
 7629427
 7629815
 7630204
 7630593
 7630992
 7631388
 7631793
 7632198
 7632613
 7633068
 7633499
 7633893
 7634281
 7634669
 7635058
 7635443
 7635828
 7636223
 7636776
 7637148
 7637530
 7637910
 7638288
 7638675
 7639090
 7639455
 7639727
 7639963
 7640131
 7640429
 7640702
 7640845
 7640919
 7641083
 7641264
 7641263
 7641374
 7641427
 7641516
 7641763
 7642234
 7642769
 7643459
 7643948
 7644435
 7644782
 7644848
 7644918
 7645068
 7645025
 7644899
 7644741
 7644546
 7644512
 7644319
 7644229
 7643988
 7643739
 7643509
 7643270
 7642955
 7642807
 7642838
 7642844
 7643081
 7643436
 7643966
 7644269
 7644568
 7644683
 7644490
 7644489
 7644809
 7645298
 7645537
 7645674
 7645550
 7645494
 7645364
 7645090
 7644819
 7644578
 7644544
 7644469
 7644474
 7644187
 7643753
 7643630
 7643735
 7644005
 7644630
 7644876
 7644962
 7644865
 7644450
 7644131
 7643964
 7643777
 7643539
 7643329
 7643099
 7642943
 7642994
 7642914
 7642752
 7642773
 7642748
 7642874
 7643424
 7644112
 7644931
 7645818
 7646664
 7647478
 7648920
 7649392
 7649742
 7649828
 7650073
 7650726
 7651120
 7651416
 7651408
 7651101
 7651074
 7651053
 7651129
 7651012
 7650608
 7650165
 7649723
 7649387
 7649055
 7648726
 7648813
 7649035
 7649308
 7649634
 7650883
 7650805
 7650561
 7650029
 7649751
 7649264
 7648857
 7648683
 7648462
 7648592
 7648794
 7649305
 7649844
 7650312
 7650867
 7651337
 7651226
 7651330
 7651165
 7651097
 7651558
 7652078
 7651988
 7652191
 7654014
 7653791
 7653556
 7653325
 7653133
 7653278
 7653564
 7653758
 7653709
 7653790
 7653888
 7653748
 7653616
 7653493
 7653754
 7654020
 7654262
 7654503
 7654865
 7655372
 7655954
 7656549
 7656918
 7657109
 7658255
 7657344
 7656613
 7656039
 7655690
 7655487
 7655480
 7655513
 7655546
 7655697
 7655915
 7656158
 7656454
 7656720
 7656988
 7657104
 7657213
 7657586
 7657924
 7658179
 7658329
 7658421
 7658063
 7657676
 7658418
 7658083
 7657728
 7657403
 7657354
 7657518
 7657828
 7658132
 7658221
 7658109
 7658266
 7658317
 7658455
 7658555
 7658708
 7658790
 7658696
 7658498
 7658274
 7657569
 7656875
 7656023
 7655333
 7654480
 7655298
 7654607
 7654070
 7653668
 7653645
 7653721
 7653724
 7653621
 7653457
 7653341
 7653356
 7653487
 7653685
 7653780
 7653914
 7654136
 7654507
 7655225
 7655537
 7656026
 7656112
 7655721
 7654883
 7654072
 7655182
 7654202
 7653311
 7652669
 7652260
 7652212
 7652274
 7652422
 7652614
 7652824
 7653117
 7653186
 7649673
 7645893
 7639420
 7632359
 7627428
 7623433
 7619919
 7617018
 7614610
 7612613
 7610801
 7609602
 7608438
 7607357
 7606498
 7605681
 7604918
 7604531
 7604063
 7603574
 7603115
 7602690
 7602314
 7602102
 7601355
 7599947
 7597025
 7594060
 7591880
 7591048
 7590973
 7591280
 7591358
 7590925
 7589077
 7586865
 7583071
 7579885
 7577849
 7575142
 7572630
 7570109
 7568328
 7567468
 7566947
 7565864
 7564411
 7562319
 7559932
 7556952
 7551822
 7545455
 7536303
 7529616
 7525422
 7517754
 7511497
 7502643
 7490527
 7478659
 7467742
 7458562
 7450750
 7445076
 7439809
 7434354
 7433531
 7433553
 7433776
 7434124
 7434492
 7434957
 7435441
 7435934
 7436403
 7436863
 7437178
 7437518
 7437820
 7438041
 7437869
 7437369
 7436469
 7434065
 7432396
 7430958
 7429085
 7427081
 7426519
 7425265
 7425272
 7425530
 7425841
 7426167
 7426502
 7426895
 7427411
 7427826
 7428330
 7428720
 7429128
 7429482
 7429836
 7430163
 7430299
 7430167
 7429963
 7429782
 7429770
 7429732
 7429665
 7429735
 7429959
 7430345
 7430799
 7431256
 7431739
 7432189
 7432474
 7432621
 7432701
 7432766
 7432902
 7432892
 7432816
 7432739
 7432420
 7431518
 7429649
 7426596
 7421336
 7414743
 7408134
 7401425
 7395306
 7389876
 7385729
 7382647
 7380565
 7379007
 7377453
 7376587
 7375805
 7375296
 7375264
 7375379
 7375667
 7375964
 7376248
 7376483
 7376660
 7376694
 7376655
 7376625
 7376247
 7375561
 7374998
 7374292
 7373426
 7373105
 7372938
 7372890
 7372907
 7373036
 7373054
 7373162
 7373309
 7373639
 7373994
 7374399
 7374862
 7375306
 7375790
 7376374
 7376810
 7377234
 7377568
 7377686
 7377774
 7377836
 7377806
 7377631
 7377287
 7376831
 7376468
 7375791
 7375400
 7374924
 7374131
 7373466
 7372733
 7372359
 7372242
 7372270
 7372346
 7372435
 7372576
 7372788
 7373052
 7373322
 7373472
 7373716
 7373568
 7373612
 7373669
 7373454
 7373384
 7373358
 7373614
 7373981
 7374378
 7374833
 7375298
 7375802
 7376282
 7376801
 7377293
 7377772
 7378210
 7378569
 7378874
 7378815
 7378447
 7378060
 7377464
 7376759
 7376076
 7375078
 7374150
 7373607
 7373181
 7373127
 7373336
 7373675
 7374068
 7374455
 7374721
 7374756
 7374720
 7374747
 7374790
 7374893
 7375008
 7375090
 7375180
 7375168
 7375249
 7375135
 7375046
 7374571
 7374064
 7373253
 7372437
 7371517
 7370896
 7370567
 7370580
 7370571
 7370379
 7366230
 7363164
 7358038
 7351393
 7341843
 7334926
 7328770
 7324716
 7320601
 7317380
 7314589
 7312797
 7311860
 7310532
 7309220
 7308323
 7307526
 7306930
 7306180
 7305739
 7305306
 7304871
 7304916
 7304849
 7305101
 7305370
 7305692
 7305857
 7306205
 7306539
 7306955
 7307235
 7307214
 7306937
 7306339
 7305841
 7305318
 7304811
 7303832
 7302663
 7301061
 7299742
 7297984
 7296611
 7295109
 7294005
 7293323
 7292629
 7292174
 7291851
 7291598
 7291537
 7291679
 7291750
 7291827
 7291986
 7291925
 7291821
 7291828
 7291762
 7291569
 7291045
 7290417
 7289801
 7289102
 7288967
 7286654
 7284289
 7281581
 7278889
 7276735
 7275430
 7274610
 7274087
 7273617
 7273275
 7273076
 7272954
 7272842
 7272795
 7272772
 7272887
 7273058
 7273091
 7272855
 7272032
 7270564
 7269164
 7266961
 7265409
 7263205
 7261267
 7259589
 7257986
 7256919
 7255628
 7254557
 7252912
 7251347
 7249493
 7247790
 7246577
 7245918
 7245642
 7245625
 7245545
 7245760
 7245992
 7246701
 7247615
 7248915
 7250016
 7250844
 7251995
 7251924
 7251494
 7251428
 7251582
 7251887
 7252283
 7252742
 7253247
 7253783
 7254304
 7254800
 7255280
 7255760
 7256237
 7256558
 7256990
 7257650
 7258474
 7259299
 7259999
 7260303
 7260342
 7260214
 7262054
 7261845
 7261217
 7260893
 7260883
 7261140
 7261486
 7261865
 7262228
 7262557
 7262891
 7263220
 7263589
 7263973
 7264385
 7264800
 7265663
 7266550
 7267431
 7268336
 7268840
 7269376
 7269163
 7268590
 7270506
 7269935
 7268493
 7267192
 7266226
 7265733
 7265301
 7265008
 7264309
 7260178
 7253430
 7249274
 7247076
 7245718
 7245470
 7244769
 7240641
 7230868
 7226835
 7224367
 7222575
 7220479
 7219134
 7218168
 7217009
 7215141
 7212902
 7210539
 7207741
 7204938
 7201356
 7199031
 7196054
 7192646
 7189033
 7184630
 7179232
 7173390
 7168148
 7161698
 7156114
 7151176
 7146568
 7140875
 7133815
 7129528
 7123378
 7118807
 7113758
 7106804
 7100115
 7093728
 7087276
 7083914
 7068746
 7045067
 7030830
 7019516
 7010886
 7009333
 7009162
 7009319
 7009629
 7009910
 7010203
 7010502
 7010804
 7011098
 7011365
 7011585
 7011790
 7011963
 7012177
 7012364
 7012529
 7012844
 7013184
 7013531
 7013879
 7014229
 7014170
 7014529
 7014473
 7014820
 7015172
 7015526
 7015884
 7016242
 7016585
 7016929
 7017274
 7017614
 7017938
 7018128
 7018131
 7018069
 7018033
 7018023
 7018094
 7018257
 7018457
 7018658
 7018925
 7019219
 7019528
 7019845
 7019756
 7020086
 7020307
 7020653
 7020976
 7021277
 7021539
 7021846
 7021972
 7021874
 7021771
 7021614
 7021392
 7021176
 7020933
 7020529
 7020223
 7020062
 7020208
 7020497
 7020821
 7021141
 7021424
 7021746
 7022069
 7022409
 7022766
 7023126
 7023517
 7023915
 7024288
 7024655
 7024852
 7024361
 7023435
 7022860
 7022314
 7021723
 7021250
 7020496
 7020053
 7019717
 7019457
 7019381
 7019221
 7019072
 7019134
 7019150
 7019218
 7019365
 7019601
 7019836
 7020040
 7020164
 7020262
 7020212
 7020274
 7020347
 7020191
 7020065
 7019667
 7019277
 7018517
 7016512
 7014068
 7010536
 7007157
 7001662
 6995498
 6989629
 6986610
 6983876
 6980405
 6978000
 6976880
 6975847
 6974693
 6974089
 6973797
 6973448
 6973119
 6972848
 6972184
 6971620
 6971399
 6970731
 6969655
 6968709
 6967400
 6966289
 6966147
 6966237
 6966357
 6966635
 6966934
 6967246
 6967566
 6967887
 6968208
 6968531
 6968862
 6969182
 6969498
 6969813
 6970131
 6970448
 6970697
 6970665
 6970620
 6970562
 6970507
 6970315
 6970194
 6970336
 6970510
 6970803
 6971089
 6971393
 6971695
 6971992
 6972239
 6972470
 6972689
 6972922
 6973181
 6973446
 6973749
 6974027
 6974162
 6974137
 6974222
 6974319
 6974343
 6973619
 6972583
 6971427
 6970607
 6970169
 6970035
 6970034
 6970145
 6970250
 6970463
 6970667
 6971010
 6971378
 6971747
 6972114
 6972481
 6972821
 6972766
 6973139
 6973517
 6973944
 6974394
 6974894
 6975424
 6975916
 6976319
 6976505
 6975728
 6974712
 6973926
 6973151
 6970530
 6967600
 6966691
 6966105
 6964935
 6964794
 6965010
 6965348
 6965714
 6966083
 6966457
 6966388
 6964980
 6964644
 6964411
 6964704
 6965056
 6964970
 6963325
 6962706
 6961431
 6959610
 6958010
 6956203
 6952890
 6949712
 6947034
 6943402
 6939420
 6934416
 6930369
 6926889
 6922552
 6916153
 6911613
 6908609
 6907523
 6907236
 6904169
 6903197
 6903552
 6902993
 6903347
 6903705
 6904037
 6904047
 6904156
 6904250
 6902987
 6902326
 6902595
 6902926
 6903275
 6903630
 6903989
 6904350
 6904710
 6905069
 6905431
 6905792
 6906151
 6906581
 6907013
 6907510
 6908002
 6908479
 6908924
 6909313
 6909660
 6910012
 6910365
 6910719
 6911072
 6911427
 6911782
 6912120
 6912437
 6912787
 6913147
 6913509
 6913872
 6914235
 6914596
 6914958
 6915320
 6915781
 6916251
 6916777
 6917280
 6917748
 6918217
 6918613
 6918960
 6919311
 6919666
 6920024
 6920384
 6920746
 6921109
 6921473
 6921838
 6922203
 6922566
 6922935
 6923303
 6923669
 6924038
 6924410
 6924790
 6925364
 6926050
 6926953
 6928089
 6929454
 6930754
 6931191
 6931411
 6931725
 6932075
 6932431
 6932807
 6933202
 6933602
 6933977
 6934331
 6934694
 6935063
 6935456
 6935894
 6936387
 6936966
 6937579
 6938221
 6940535
 6943521
 6947075
 6950768
 6954047
 6956087
 6955956
 6955197
 6954732
 6954471
 6954187
 6954138
 6954230
 6954416
 6954623
 6954838
 6955069
 6955317
 6955571
 6955844
 6956148
 6956521
 6957002
 6957553
 6960649
 6964502
 6969819
 6975474
 6980828
 6984556
 6985130
 6984209
 6983661
 6983253
 6983013
 6982865
 6982822
 6982857
 6982925
 6983027
 6983211
 6983427
 6983601
 6983766
 6984135
 6984616
 6985207
 6985633
 6987506
 6981917
 6974796
 6971420
 6966224
 6963469
 6959861
 6959434
 6959608
 6959141
 6959404
 6959719
 6960051
 6960383
 6960722
 6961066
 6961413
 6961761
 6962109
 6962458
 6962808
 6963165
 6963537
 6963925
 6965305
 6967282
 6970085
 6973381
 6976378
 6978752
 6979865
 6980411
 6980895
 6981265
 6981569
 6981873
 6982141
 6982326
 6982633
 6982957
 6983283
 6983612
 6983691
 6978562
 6976847
 6975669
 6974508
 6973086
 6972874
 6971231
 6971463
 6972445
 6973639
 6973743
 6973478
 6973129
 6972262
 6971889
 6972120
 6972400
 6972621
 6972889
 6973200
 6973523
 6973843
 6974155
 6974468
 6974788
 6975035
 6975354
 6975717
 6976135
 6978905
 6982670
 6988130
 6994456
 7001185
 7006790
 7009217
 7009092
 7009234
 7009413
 7009601
 7009793
 7010008
 7010241
 7010496
 7010763
 7011041
 7011325
 7011688
 7012175
 7012992
 7014317
 7016495
 7019939
 7031455
 7044771
 7059732
 7073485
 7085323
 7093838
 7095800
 7092717
 7090754
 7089480
 7088774
 7088515
 7088466
 7088562
 7088804
 7089142
 7089671
 7090432
 7091621
 7092837
 7093253
 7093899
 7095341
 7097525
 7120524
 7147270
 7178622
 7211303
 7241904
 7265333
 7273699
 7264612
 7258095
 7253035
 7248768
 7245225
 7242361
 7240084
 7238204
 7236541
 7235130
 7233987
 7232981
 7231267
 7229347
 7229526
 7230563
 7231969
 7275117
 7319216
 7375928
 7432833
 7484567
 7519981
 7526651
 7514065
 7503929
 7495305
 7488176
 7482041
 7476619
 7472108
 7468882
 7466587
 7464844
 7463448
 7463301
 7463430
 7463557
 7465237
 7469039
 7475294
 7546161
 7618414
 7697248
 7773978
 7841526
 7896194
 7917178
 7900888
 7888531
 7878614
 7870510
 7863859
 7858172
 7853129
 7848743
 7844733
 7841124
 7837789
 7834919
 7832044
 7829497
 7828520
 7830040
 7833395
 7918532
 8006036
 8112267
 8220044
 8317473
 8389353
 8409491
 8391893
 8377038
 8364652
 8354292
 8345341
 8337486
 8330540
 8324426
 8318933
 8314156
 8309721
 8306298
 8303356
 8300158
 8297148
 8294537
 8292379
 8392768
 8486186
 8614653
 8740817
 8856711
 8949719
 8978156
 8962825
 8950095
 8938825
 8928770
 8919784
 8911731
 8904469
 8897981
 8892129
 8886800
 8881998
 8877738
 8872977
 8867477
 8864918
 8863304
 8862646
 8987434
 9096236
 9235867
 9370918
 9491212
 9581242
 9613704
 9600323
 9588863
 9579329
 9571105
 9563092
 9555587
 9548604
 9541902
 9535266
 9528497
 9521086
 9484783
 9472134
 9468603
 9464711
 9460591
 9460074
 9558997
 9652767
 9759834
 9859404
 9943563
 9999506
10011900
 9991226
 9973178
 9962216
 9952302
 9946021
 9940204
 9933671
 9927264
 9920280
 9911897
 9902644
 9894341
 9887958
 9880371
 9843121
 9835759
 9777912
 9754708
 9783347
 9816932
 9814778
 9766567
 9764630
 9762981
 9739099
 9715623
 9710418
 9707716
 9705295
 9703478
 9701493
 9699651
 9698025
 9695670
 9692963
 9690217
 9687544
 9685487
 9683810
 9682249
 9681055
 9729027
 9762440
 9799881
 9855809
 9915159
 9964301
 9986867
 9985410
 9983580
 9981719
 9979794
 9977857
 9975839
 9973769
 9971788
 9969859
 9967891
 9965877
 9964160
 9962377
 9960359
 9958749
 9957453
 9956322
10022237
10085869
10182045
10277979
10367422
10441417
10483724
10483387
10481727
10480131
10478804
10477529
10476138
10474798
10473743
10472933
10472381
10471947
10471925
10471513
10471364
10471732
10472012
10472257
10572238
10658858
10775719
10892443
11005844
11105013
11158814
11155896
11151995
11149024
11146527
11144427
11142422
11140403
11138500
11136698
11134995
11133348
11131937
11130647
11130436
11130933
11132148
11134356
11242787
11349701
11470830
11590550
11698606
11776913
11811172
11804890
11799143
11794408
11790349
11786853
11783719
11780774
11778011
11775511
11773255
11771112
11769372
11768093
11767744
11768759
11770756
11774118
11851212
11929205
12018489
12103112
12177981
12234742
12261513
12255000
12247256
12230358
12209822
12194609
12172564
12115360
12032459
11958301
11934435
11929674
11926633
11924188
11923099
11922682
11922715
11923396
11969890
12015789
12072558
12125872
12173600
12199208
12141355
12078425
12065543
12064555
12063586
12062635
12061576
12060507
12059446
12058385
12057296
12056229
12055263
12054506
12054477
12055384
12057765
12062175
12110043
12158541
12215538
12269842
12319519
12362313
12389871
12389606
12389006
12388080
12386859
12385587
12384277
12382962
12381708
12380526
12379407
12378276
12377077
12376096
12375408
12375046
12375139
12375514
12417949
12459652
12517270
12572654
12623440
12667207
12691619
12689611
12686495
12685791
12684922
12683877
12682805
12681758
12680685
12679574
12678458
12677393
12676469
12675657
12675164
12674963
12675050
12675495
12724049
12770761
12838537
12903800
12957545
13007160
13038114
13042026
13040789
13039266
13037592
13035955
13034483
13033176
13031908
13030586
13029352
13028202
13026920
13026687
13027567
13029695
13033635
13036909
13087433
13097992
12962526
12000635
10379640
10015312
 9986649
 9966812
 9962067
 9960496
 9958830
 9951841
 9946944
 9944605
 9943913
 9943400
 9942792
 9941911
 9941115
 9940494
 9939656
 9935781
 9928366
 9927389
 9961782
10005062
10060616
10119037
10173379
10218421
10250522
10257769
10260425
10262641
10264274
10265494
10266288
10266822
10267183
10267484
10267845
10268331
10268938
10269195
10269747
10271419
10274316
10280263
10343440
10418875
10503693
10585875
10661266
10725679
10769542
10777440
10780543
10783045
10784916
10786824
10788714
10790488
10792078
10793359
10794633
10795895
10797422
10798292
10799229
10800263
10801611
10804091
10885273
10963384
11064951
11167229
11265702
11354261
11404301
11402616
11397748
11393231
11389342
11386033
11383187
11380769
11378727
11376922
11375391
11374094
11373364
11370814
11368565
11368908
11370439
11373403
11485418
11587152
11709792
11829674
11943590
12046322
12106376
12106483
12102485
12098558
12095132
12092049
12089126
12086318
12083658
12081154
12078856
12076756
12075234
12071873
12069309
12069481
12070857
12073062
12197637
12311898
12441855
12567884
12687111
12797330
12858596
12857510
12854242
12851873
12850073
12848841
12848203
12847372
12846974
12846998
12847465
12848584
12851420
12853783
12856235
12858948
12861903
12866497
13004326
13139119
13279440
13419686
13553398
13664856
13722041
13717555
13713357
13710359
13708220
13706785
13705950
13705517
13705431
13705487
13705612
13705769
13705554
13704074
13703957
13705917
13709112
13713175
13849374
13981512
14127728
14272268
14410655
14533210
14609950
14617158
14611951
14607845
14604822
14602916
14601506
14600261
14599293
14598646
14598220
14597904
14598216
14597869
14598753
14601290
14605861
14612293
14712872
14837996
14965250
15088075
15199059
15283585
15322218
15326502
15322208
15318071
15314623
15311596
15308908
15306508
15304215
15301902
15299420
15296913
15294881
15293359
15292693
15292839
15293438
15294334
15330285
15406605
15486938
15582025
15669413
15738369
15782189
15784133
15781040
15778111
15775308
15772866
15779597
15779338
15778114
15776727
15775224
15773567
15771857
15770580
15770032
15769991
15770377
15771292
15782639
15860660
15940974
16037734
16126954
16200424
16246185
16250029
16247814
16245312
16243004
16240936
16258010
16260669
16259245
16257569
16255993
16254459
16253086
16251956
16251500
16251517
16251770
16252386
16257250
16340192
16423385
16532784
16632437
16698998
16735576
16737296
16733955
16731299
16729044
16727072
16725217
16723612
16722165
16720624
16718913
16717620
16716505
16715567
16715470
16715958
16716734
16717538
16718463
16819712
16912309
17033789
17144461
17239202
17289633
17290906
17287589
17285020
17282797
17281283
17279789
17278357
17276996
17275728
17274559
17273586
17272781
17272086
17272380
17273471
17274380
17275501
17277588
17383625
17487297
17603172
17697534
17768373
17803675
17805032
17803223
17801801
17800334
17798254
17796370
17794629
17792968
17791381
17789910
17788529
17787300
17786304
17785623
17785955
17785219
17786260
17787667
17882269
17975804
18090112
18189289
18265800
18313120
18318426
18316209
18314458
18312977
18311568
18310184
18309176
18308089
18306835
18305173
18301242
18272513
18194382
18121165
18075606
17997120
17951659
17948234
18017526
18108150
18205965
18300195
18372448
18417330
18427976
18428212
18434796
18433294
18431887
18430567
18428200
18424163
18419467
18409013
18395514
18377977
18366491
18363003
18360716
18360490
18361239
18362451
18445447
18529314
18642588
18751272
18846744
18912633
18922988
18920891
18917584
18914455
18911447
18909797
18908512
18907436
18906460
18905592
18904947
18904651
18903831
18903642
18904054
18905093
18906565
18908832
18997723
19089447
19216315
19339628
19450679
19523128
19534741
19532445
19530060
19527619
19525615
19523951
19522581
19521502
19520599
19519836
19519172
19518808
19518445
19518950
19519947
19523240
19526940
19530686
19647580
19758182
19884855
20003419
20103043
20166847
20172263
20168026
20164306
20161099
20158446
20156238
20154557
20153324
20152166
20150925
20149879
20149077
20148325
20148401
20149385
20151599
20154644
20157930
20255584
20344377
20465978
20583701
20688925
20761008
20768664
20765534
20762892
20760670
20759087
20758039
20757385
20757238
20757512
20758189
20759437
20761254
20761230
20761832
20765167
20770608
20777778
20788197
20915351
21038715
21173145
21299632
21410904
21491487
21503180
21500430
21498332
21496943
21496097
21495844
21495890
21496036
21496287
21496644
21497153
21497402
21496173
21496461
21499100
21502868
21508284
21515622
21643917
21770572
21901512
22026406
22137639
22209484
22215017
22211216
22208642
22206680
22205184
22204145
22203354
22202835
22202376
22201795
22201152
22200856
22201286
22203799
22209352
22217484
22228647
22242203
22357540
22469936
22576936
22675188
22760465
22826232
22839493
22837794
22836556
22835389
22834140
22832656
22830842
22829054
22797770
22750940
22735809
22731891
22728144
22689639
22675350
21937754
20753423
19154028
17132036
14014686
12397185
11353805
10900901
10626460
10549846
10423705
10349208
10333102
10304501
10266282
10242984
10224154
10200736
10189346
10179301
10171358
10162178
10150024
10139165
10134567
10131313
10130854
10152435
10181078
10216794
10252538
10283266
10306388
10314364
10316400
10317882
10319022
10320031
10320903
10321725
10322520
10323295
10324064
10324790
10325696
10326832
10328306
10330148
10332550
10336386
10341711
10379983
10420741
10463527
10503814
10537589
10561742
10569818
10572128
10573890
10575142
10576227
10577188
10578003
10578646
10579229
10579922
10584904
10581134
10577402
10544554
10432358
10376932
10323685
10056683
 9510548
 9339819
 9167289
 9120088
 8838091
 8804661
 8777575
 8757281
 8727213
 8714391
 8712951
 8713307
 8713621
 8713785
 8712952
 8709852
 8708873
 8709193
 8709696
 8710270
 8711050
 8710791
 8711300
 8711769
 8725731
 8741557
 8764322
 8789335
 8814304
 8835134
 8840535
 8841733
 8842375
 8842862
 8843290
 8843710
 8844128
 8844548
 8844960
 8845327
 8845568
 8845731
 8846087
 8846540
 8847027
 8847691
 8848940
 8851172
 8884720
 8916899
 8958368
 8999422
 9037486
 9065509
 9072574
 9073865
 9074428
 9074808
 9075126
 9075447
 9075785
 9076142
 9076510
 9076883
 9077256
 9077613
 9078006
 9078509
 9079064
 9079769
 9081097
 9083668
 9126061
 9169269
 9231025
 9297208
 9362237
 9406403
 9418896
 9415554
 9412071
 9408703
 9405641
 9402898
 9400521
 9398441
 9396527
 9394699
 9393164
 9392278
 9390761
 9390005
 9390909
 9392380
 9394867
 9398297
 9479961
 9565053
 9663957
 9763171
 9855039
 9920187
 9931913
 9926097
 9919864
 9913625
 9907861
 9902787
 9898341
 9894452
 9890833
 9887568
 9884753
 9882290
 9879389
 9878284
 9881032
 9888341
 9901311
 9918475
10060747
10201124
10340862
10476393
10603885
10699632
10721489
10718894
10715970
10712685
10709444
10706538
10704028
10701873
10699803
10697976
10696588
10695888
10693645
10692963
10695738
10703262
10718424
10742051
10897704
11049878
11202675
11347621
11482414
11586460
11615811
11618156
11621669
11626559
11630823
11634690
11638101
11640845
11643267
11645672
11648426
11651783
11654874
11658184
11663511
11670959
11679518
11689266
11841099
11985388
12134373
12278512
12411919
12513812
12536066
12536471
12537468
12538837
12540479
12542517
12544760
12547209
12549647
12552178
12554787
12557641
12558559
12560851
12566985
12573578
12581271
12591470
12747540
12899912
13056822
13210816
13358256
13470323
13496932
13496727
13496986
13497691
13498929
13500473
13502397
13504665
13507184
13509894
13512477
13515331
13516735
13519846
13524178
13529880
13538038
13550668
13705260
13860210
14016655
14166504
14306269
14415597
14437651
14435524
14434034
14433313
14433372
14433882
14434798
14436021
14437291
14438700
14440289
14442553
14444492
14447205
14451413
14457588
14464799
14472710
14635574
14783610
14920679
15070323
15214218
15329868
15353380
15351832
15351119
15351218
15351787
15352959
15355024
15358061
15361869
15366058
15371249
15378707
15387512
15397535
15406994
15417034
15427900
15440136
15609260
15777767
15946618
16104556
16256638
16379204
16411076
16408102
16406547
16406053
16406131
16406515
16407288
16408288
16409425
16410664
16412155
16415032
16418071
16423554
16433207
16445040
16458827
16473070
16641973
16807613
16973074
17131965
17277819
17388623
17413406
17410139
17408188
17407283
17407178
17407674
17408384
17409254
17410438
17412066
17414218
17416866
17417653
17420612
17428200
17436798
17446247
17457792
17620103
17778218
17936098
18068996
18202088
18292966
18317342
18316345
18315643
18305339
18307244
18309644
18312320
18315455
18318885
18322082
18321550
18322886
18327094
18328683
18333379
18339325
18348339
18364382
18530543
18691495
18846812
19001195
19141112
19245821
19270505
19268939
19268606
19268955
19269450
19269753
19270358
19271256
19272119
19272960
19273812
19274845
19275046
19277753
19284752
19295566
19309924
19327487
19472817
19618250
19757914
19887599
20004011
20088106
20102867
20098631
20095298
20092511
20090282
20088620
20087561
20087015
20086847
20086866
20086778
20086676
20085042
20085095
20087861
20091624
20095913
20100751
20231024
20350905
20492017
20628611
20755031
20848351
20864262
20860406
20856967
20854208
20852258
20851039
20850502
20850439
20850905
20851797
20853015
20854801
20854067
20854332
20857627
20863112
20870697
20879783
21019982
21158143
21296953
21431126
21555924
21648898
21662157
21659034
21657190
21656271
21656112
21656635
21657846
21659369
21661199
21662913
21664693
21666821
21666768
21667098
21670763
21676885
21684773
21693478
21830833
21969693
22115334
22260775
22398924
22514744
22547569
22545248
22543613
22542715
22542373
22542360
22542844
22543652
22544449
22545263
22546265
22547389
22546244
22546565
22551089
22558522
22567265
22577125
22723802
22869650
23016751
23162235
23302470
23411525
23434174
23431694
23429556
23427972
23426759
23425943
23425624
23425655
23426029
23426603
23427298
23428390
23427145
23426838
23429396
23433989
23439957
23447540
23592021
23734650
23881245
24026484
24171253
24297186
24333972
24331810
24329406
24327644
24326624
24326202
24326346
24326787
24327206
24327584
24328256
24329499
24329783
24333004
24339494
24348023
24359478
24373985
24529596
24681158
24835147
24986181
25129123
25245588
25278061
25277611
25277330
25277062
25276806
25276684
25277170
25277914
25278598
25279199
25279571
25279843
25279922
25281915
25284283
25288355
25295490
25305931
25451968
25597543
25745903
25888323
26015393
26112264
26136188
26133964
26131517
26129231
26127345
26125703
26124286
26123057
26121932
26120898
26119981
26119352
26118354
26118209
26119967
26124326
26130800
26139586
26279278
26418904
26564947
26705396
26832219
26928994
26952084
26949800
26947161
26944741
26942682
26941013
26939897
26939307
26939196
26938802
26936982
26937169
26936377
26936601
26939448
26944103
26951081
26960373
27096542
27235239
27376208
27510238
27629515
27718251
27734283
27730540
27727091
27724253
27722161
27720766
27720035
27719139
27714492
27704807
27695884
27691882
27684495
27682706
27685478
27690367
27696950
27704908
27843702
27975987
28122601
28264096
28393851
28497899
28522630
28522086
28520955
28520265
28520203
28520725
28521929
28523772
28526141
28528973
28531759
28533995
28532884
28533199
28537562
28545143
28555741
28569398
28715967
28867214
29020635
29169711
29308669
29419477
29444641
29445105
29445838
29447237
29449266
29451693
29454049
29456205
29458574
29460997
29463217
29465662
29465719
29466953
29472773
29482112
29493740
29508019
29660821
29812116
29961587
30106309
30245306
30371795
30408067
30406487
30405781
30405963
30406583
30407334
30408065
30408905
30409922
30411069
30412056
30412699
30411523
30411551
30414749
30421079
30430250
30441644
30589713
30735298
30880517
31022164
31156583
31277071
31312127
31311722
31311029
31310462
31310258
31310683
31311543
31312813
31314363
31316071
31317898
31319420
31319313
31320385
31325197
31333278
31343811
31356078
31507516
31655722
31802495
31947292
32085159
32199086
32226641
32225231
32223603
32222135
32220957
32220192
32219685
32219472
32219503
32219663
32220070
32220783
32220278
32221550
32223885
32227516
32232411
32238977
32374351
32513315
32661104
32808686
32949824
33059963
33086280
33085579
33084704
33084182
33084107
33084166
33084295
33084323
33084435
33084637
33084942
33084935
33084160
33085576
33089003
33094076
33101072
33110186
33255466
33404274
33558728
33708273
33843123
33941789
33963005
33962524
33962316
33962379
33962548
33962865
33963301
33963661
33963996
33964300
33964612
33964907
33965378
33967601
33970840
33975567
33981892
33990206
34130684
34276870
34429034
34576876
34709921
34806625
34824087
34822945
34821896
34821310
34821222
34821301
34821242
34821114
34821001
34820899
34820822
34821054
34820743
34822410
34825231
34828732
34834202
34842663
34985964
35132834
35283122
35429790
35565580
35661424
35676610
35674211
35671753
35669606
35668016
35666771
35665743
35664767
35664000
35663481
35663183
35663417
35662287
35662379
35665195
35669856
35676785
35686289
35829234
35972788
36122019
36269652
36414951
36525290
36561699
36561921
36562309
36563395
36564967
36567038
36569545
36572346
36575262
36578279
36580981
36582731
36583310
36584484
36588893
36597496
36608334
36620979
36772819
36926264
37080231
37231181
37378196
37504469
37537867
37538533
37539697
37541705
37544305
37546894
37549410
37551900
37554558
37557277
37559819
37562266
37562940
37565207
37569950
37577607
37588120
37601248
37755037
37906166
38055901
38201935
38339932
38453430
38479289
38478919
38478797
38479185
38480023
38480984
38481749
38482498
38483463
38484458
38485333
38486598
38486863
38488388
38494647
38503618
38514749
38528265
38664911
38803338
38939501
39071632
39196599
39298718
39321408
39318984
39317649
39317300
39317465
39318086
39318948
39319917
39321040
39322249
39323636
39324876
39324681
39324886
39328295
39333688
39339915
39347326
39471573
39589139
39729182
39867491
39998590
40111191
40142061
40141161
40139692
40138642
40138196
40138263
40138526
40138958
40139667
40140655
40142021
40143740
40144103
40144416
40147137
40152753
40160740
40169370
40296425
40424421
40562164
40695569
40821907
40914849
40927157
40925471
40923669
40922311
40921408
40920811
40920542
40920369
40920412
40920668
40921182
40921280
40920562
40920384
40922463
40927190
40932396
40937937
41061087
41180969
41323619
41464957
41600172
41709257
41731368
41729106
41726823
41725053
41723857
41722928
41722395
41722178
41722138
41722469
41723185
41723537
41722669
41723547
41727633
41733451
41741159
41750587
41888188
42030298
42175727
42318851
42454580
42567390
42591509
42592010
42593119
42594908
42596893
42599264
42601828
42604409
42606788
42609069
42610992
42612331
42612322
42614644
42619369
42626592
42637163
42650027
42789862
42934650
43079969
43220735
43348807
43444293
43461191
43460283
43459766
43459446
43459316
43459483
43459920
43460726
43461754
43462557
43462681
43459562
43457612
43459162
43461382
43464980
43470200
43477635
43605335
43735981
43877134
44014165
44137393
44225365
44239427
44238161
44227986
44227510
44226933
44225834
44224975
44224452
44224449
44223975
44223248
44222864
44223426
44224608
44224638
44224166
44226865
44178797
44271787
44405282
44541074
44657156
44707338
44771271
44781619
44781100
44780289
44779312
44778195
44777266
44776798
44776573
44776299
44776297
44776530
44777367
44778193
44780212
44784017
44790007
44779284
44781161
44913185
45024980
45054192
45175925
45297773
45381631
45392594
45392449
45392389
45392508
45392497
45392399
45392321
45392272
45392440
45392941
45393708
45395022
45395398
45397262
45401027
45406724
45414981
45425087
45559540
45686264
45828464
45970721
46107873
46199904
46207502
46206711
46205981
46205502
46205499
46205754
46206164
46206894
46207553
46208202
46208997
46209430
46208788
46208790
46212466
46219927
46231496
46246861
46385049
46531202
46677099
46820818
46959502
47071797
47092886
47092548
47092703
47093422
47094592
47096088
47097787
47099636
47101494
47103440
47105387
47107235
47108359
47110514
47115869
47123936
47134646
47146921
47290033
47434340
47576052
47717360
47853378
47957064
47945331
47946003
47947098
47949093
47951455
47953788
47955833
47957724
47960035
47962282
47964106
47965061
47965718
47969037
47976480
47986743
47999381
48014276
48153893
48290549
48438303
48583385
48722912
48821342
48835643
48835537
48835852
48836508
48837552
48838725
48839787
48840771
48841978
48843631
48845449
48846861
48848357
48850592
48855706
48864207
48875262
48888759
49027387
49176273
49325565
49472124
49616888
49737528
49763935
49766667
49770400
49774409
49778740
49783510
49788683
49794013
49799032
49803546
49807967
49812356
49815771
49820586
49830365
49844459
49861574
49880734
50028946
50178438
50327580
50475994
50619426
50745932
50775793
50782199
50789131
50796545
50804399
50812354
50819880
50826743
50833574
50840386
50847267
50854009
50859541
50863681
50872466
50888642
50912583
50943906
51101832
51261027
51418746
51570587
51709879
51823508
51847849
51854319
51861387
51869137
51877038
51885008
51892847
51900431
51907473
51914202
51920835
51927226
51933281
51941187
51954287
51974279
52000135
52029685
52189316
52350732
52511722
52662395
52791002
52883228
52897835
52901888
52906391
52911194
52916348
52921323
52926101
52930577
52934687
52938256
52941699
52944447
52946327
52950158
52958108
52969214
52984464
53003218
53147996
53295924
53440051
53573202
53691670
53774234
53779660
53780685
53782287
53784102
53786063
53788037
53789924
53791660
53793313
53794827
53796208
53796204
53796030
53797663
53802382
53809421
53818963
53830939
53956638
54088651
54225132
54354307
54469377
54546476
54548284
54547915
54547576
54547562
54547773
54548124
54548721
54549548
54550442
54551203
54551465
54551147
54550647
54553233
54559097
54567178
54577476
54590654
54720058
54854237
54986341
55108013
55217220
55287273
55288606
55287824
55286819
55286268
55285857
55285485
55285542
55285817
55286123
55286527
55286885
55287385
55285360
55284901
55288281
55294147
55301787
55295108
55395716
55521423
55654574
55778119
55885858
55965870
55976161
55976387
55976507
55976953
55977887
55978586
55979412
55980121
55980933
55981752
55982210
55981389
55981135
55983727
55988379
55995000
56003886
56011082
56139114
56275000
56414336
56548577
56669254
56755647
56765120
56765801
56766872
56768800
56770626
56771958
56773444
56775117
56776412
56777135
56777777
56778481
56778695
56780614
56786105
56793620
56803954
56817592
56950579
57086572
57223282
57356128
57475313
57549777
57551023
57549579
57548995
57548693
57548536
57549167
57549831
57547617
57542359
57542417
57542731
57542900
57535175
57535071
57539453
57545543
57553189
57562467
57695137
57823949
57963262
58101098
58230733
58310745
58311610
58310824
58310252
58310422
58310841
58311403
58312279
58313187
58314224
58315238
58316355
58317431
58317674
58319219
58323707
58330058
58339120
58351573
58480294
58617020
58759534
58900023
59036545
59122054
59123922
59124905
59126598
59129018
59131900
59134959
59138049
59141103
59144009
59147008
59149722
59152074
59154440
59157874
59164133
59174458
59188178
59204248
59338445
59472726
59602445
59724743
59833301
59895659
59895326
59895247
59895483
59896086
59896909
59897433
59897375
59897997
59899136
59900710
59902080
59903076
59902985
59903541
59906586
59912766
59920300
59929546
60046232
60160692
60288279
60411955
60525315
60586516
60586827
60585528
60584202
60583051
60581907
60580931
60580528
60580763
60581383
60581389
60581522
60581504
60580929
60581191
60583841
60588388
60595419
60610686
60733227
60853803
60982272
61104375
61203596
61248359
61246479
61244175
61242136
61240377
61238774
61237223
61235688
61234257
61232882
61231590
61230366
61227776
61221529
61221316
61222141
61223495
61225567
61246840
61349151
61444827
61565487
61680393
61784925
61852174
61853311
61852373
61850301
61848178
61846217
61844480
61842988
61841656
61840345
61839111
61838055
61837261
61836257
61836710
61838954
61842832
61848769
61906825
62021442
62137706
62252045
62372077
62450797
62521604
62525110
62526716
62527898
62529070
62530174
62531293
62532527
62533719
62534737
62535467
62535969
62536361
62536858
62539237
62543605
62550198
62558822
62665933
62798414
62938647
63078189
63215253
63342181
63411922
63413010
63413053
63413403
63414130
63415288
63416859
63418663
63420421
63421937
63423435
63424971
63426406
63427540
63429556
63435211
63444715
63458169
63594064
63736535
63881753
64025041
64163963
64295266
64367493
64370945
64373387
64375876
64378516
64381516
64385365
64388807
64391994
64395195
64398441
64401798
64404910
64407072
64410812
64419028
64430734
64446590
64585393
64730492
64878921
65024087
65159700
65276810
65336999
65339386
65341518
65343889
65346367
65348855
65351588
65354122
65356757
65359709
65362699
65365525
65368032
65369373
65373046
65379958
65388643
65399280
65532280
65664995
65805559
65945372
66081357
66205733
66261561
66262367
66262053
66262105
66262642
66263339
66264391
66265367
66266227
66266905
66267489
66267968
66268133
66268147
66265717
66269475
66273985
66281703
66409584
66532651
66635088
66758122
66883712
66993088
67035277
67035592
67035777
67036021
67036581
67037560
67038710
67039630
67040410
67040927
67041129
67041123
67041221
67041074
67042836
67046685
67052557
67060872
67165218
67162554
67268907
67387977
67507355
67607898
67657260
67661117
67661111
67660649
67663901
67666268
67667744
67668265
67663692
67663976
67664405
67665023
67665618
67666611
67669219
67674604
67683008
67694240
67822527
67954661
68090629
68224642
68352320
68464282
68519636
68520691
68520925
68521142
68521332
68521646
68522076
68522636
68523175
68523646
68523937
68524112
68524211
68523738
68524635
68528140
68533509
68540930
68666670
68789226
68924766
69060194
69192765
69313178
69363884
69364634
69364769
69365076
69365471
69366279
69367227
69368370
69369501
69370464
69371196
69371695
69372037
69371755
69372309
69376210
69384148
69394995
69532475
69667106
69807469
69948063
70086558
70215147
70271422
70273125
70273738
70274647
70275886
70277476
70279238
70281029
70282782
70284416
70286152
70287953
70289831
70291260
70293108
70299545
70310192
70323676
70459519
70603049
70748430
70892105
71030499
71158540
71213434
71217633
71220290
71222590
71224555
71226708
71229289
71232255
71235319
71238299
71241393
71244537
71247479
71249562
71251941
71259954
71271571
71286068
71422176
71566690
71713102
71857663
71995799
72121401
72170379
72174091
72177019
72179917
72182995
72186330
72189919
72193004
72195685
72198072
72200387
72202548
72204937
72206805
72209654
72216896
72228192
72242607
72382029
72526268
72672269
72816190
72954057
73082239
73147160
73149977
73152303
73154701
73157019
73159467
73162090
73164726
73167085
73169180
73171104
73172840
73174333
73174822
73176479
73182586
73192939
73207322
73333838
73465194
73607896
73747429
73875808
73990063
74044654
74045722
74046209
74046637
74047258
74048452
74050206
74052180
74054390
74056784
74059417
74061819
74063151
74062555
74061882
74065346
74073715
74084815
74206919
74319367
74452556
74585293
74711922
74827280
74884001
74887043
74888715
74890811
74893365
74896302
74899299
74902725
74906579
74910968
74915366
74919600
74923562
74927293
74927631
74931764
74940392
74951127
75073174
75193051
75334887
75477143
75615014
75742931
75805022
75812155
75816816
75821208
75825731
75830812
75836591
75842747
75849339
75856177
75862082
75867484
75873107
75879918
75888473
75899887
75915058
75932009
76072595
76218840
76365860
76511552
76653313
76786672
76850197
76857890
76864484
76870983
76877831
76885012
76892255
76899373
76905915
76911967
76917619
76923189
76928818
76934709
76939780
76951590
76969492
76988911
77131737
77279648
77429391
77578273
77720690
77846624
77899170
77904481
77909725
77915581
77921875
77928823
77936034
77943117
77949492
77955299
77960401
77964916
77969549
77974473
77978131
77986933
78000266
78017096
78154366
78295746
78440602
78548722
78681757
78797746
78836149
78838968
78840592
78844284
78838300
78821318
78818886
78821712
78824908
78828751
78832492
78835809
78838276
78841417
78846480
78855332
78867308
78881696
79022530
79146776
79080438
78980041
79043860
79020952
79024817
79021760
78999084
78543693
78513796
78482391
78434722
78407252
78406478
78412271
78417972
78422679
78427182
78432827
78440628
78452364
78466771
78483922
78617679
78753703
78874044
78987340
79125427
79233322
79262884
79264938
79265981
79266821
79267303
79267617
79267634
79267472
79267434
79267376
79267140
79266583
79265759
79265149
79264590
79266672
79269734
79274604
79407936
79539671
79681713
79819564
79949490
80042449
80061715
80061464
80059963
80058456
80057229
80055876
80054312
80052851
80051608
80050282
80044836
80038078
80035659
80033805
80033006
80033541
80036275
80040581
80155399
80258412
80377563
80500026
80609772
80681243
80709915
80709588
80708627
80707113
80705086
80702289
80700386
80698546
80694680
80691252
80678450
80661188
80655516
80650067
80647958
80648656
80650646
80654833
80765021
80833615
80680491
80606995
80701719
80791543
80816178
80815139
80813238
80811357
80809846
80808673
80807686
80806857
80805352
80802402
80797320
80793450
80790544
80785488
80784247
80784026
80786449
80791403
80904115
81005819
81117138
81137821
81239321
81342645
81371169
81363568
81304769
81294295
81294009
81294301
81295105
81296344
81298163
81300186
81302340
81304468
81306550
81309243
81313129
81320055
81328831
81338730
81471684
81603035
81735439
81866592
81993281
82111816
82143474
82151166
82158294
82164507
82170202
82175907
82181853
82188054
82193942
82199589
82205509
82211724
82218097
82224994
82232565
82244171
82260194
82280456
82421918
82553295
82665782
82768732
82831708
82747574
82566517
82365529
82174256
82166649
82115907
82009759
81478497
81134672
81103865
81101480
81100503
81100251
81100226
81100391
81101057
81102629
81106013
81111551
81228894
81348850
81476516
81604917
81705869
81796314
81813144
81817869
81820651
81746374
81712602
81713105
81712304
81712291
81712255
81711975
81711520
81710957
81710618
81710829
81711389
81712773
81716216
81721911
81833644
81947580
82072890
82197341
82312023
82392743
82400575
82403073
82404165
82404679
82405227
82405818
82406071
82406112
82405918
82405429
82404813
82404224
82403906
82404016
82404717
82407244
82411285
82417589
82517513
82624095
82738952
82849290
82949454
83020358
83023480
83025008
83026670
83028936
83031068
83032759
83034073
83035104
83035925
83036487
83036879
83037099
83037152
83036866
83036940
83039735
83044106
83049013
83143282
83232658
83335508
83436787
83531571
83611194
83626033
83628499
83630200
83631433
83632546
83633560
83634509
83635424
83636484
83637582
83638552
83638196
83638830
83639705
83640729
83644764
83650298
83657840
83754783
83844809
83950537
84053739
84148962
84223756
84235028
84235820
84235429
84235057
84234933
84235131
84235519
84235822
84235866
84235643
84235511
84235196
84233442
84231497
84232031
84234318
84237803
84243013
84329574
84412556
84519900
84621993
84712970
84783424
84787919
84787737
84787257
84787312
84787584
84788014
84788371
84788548
84786600
84786795
84785084
84769532
84738794
84704231
84696685
84699297
84703862
84711301
84807657
84909126
85011090
85105878
85183875
85221559
85203368
85174415
85124373
85088012
85070737
85057727
85053116
85051343
85049768
85047673
85045554
85040870
85032591
85028749
85028100
85029023
85031527
85035474
85109701
85182939
85268675
85352323
85427780
85482967
85485694
85488210
85490484
85492486
85494306
85495944
85497529
85498787
85499759
85500638
85501500
85502293
85503190
85504046
85505741
85510136
85517595
85527487
85621026
85698699
85619674
85152277
84020658
82753451
81793267
80224112
78846820
77963653
77546284
77362659
77289212
77237343
77194990
77171262
77162102
77155537
77146382
77123069
77067462
76997818
76894794
76770170
76697943
76362614
75060588
74658802
74633565
74643147
74640047
74639558
74638723
74638128
74637422
74636583
74635909
74635492
74635301
74635217
74635182
74635078
74631481
74628237
74627757
74628007
74630477
74632058
74685060
74707577
74691346
74713341
74761798
74809007
74814310
74819268
74823921
74828330
74832362
74836198
74840112
74843714
74847359
74850985
74854480
74857834
74860982
74865170
74870089
74875919
74883383
74893358
74981178
75080231
75181273
75277089
75360894
75416486
75423889
75430571
75437195
75443092
75448759
75454123
75459124
75464041
75468743
75472881
75476665
75480258
75483747
75487758
75491809
75497383
75504955
75514423
75610049
75716200
75825379
75930463
76023590
76082974
76089750
76096817
76103928
76110721
76117035
76123220
76129089
76134735
76140153
76145282
76150015
76154518
76158887
76163966
76169092
76176003
76185870
76197984
76306041
76421938
76539217
76652325
76752820
76810730
76817630
76824661
76831460
76837770
76843601
76849748
76856366
76863403
76870503
76877609
76884126
76890411
76896294
76904271
76912542
76921852
76931912
76944194
77068204
77201717
77335768
77463651
77574688
77633165
77640283
77647706
77656947
77666661
77676173
77685552
77695093
77704797
77714282
77723404
77732145
77740383
77747966
77756909
77765166
77773950
77786214
77802291
77932265
78066528
78200770
78328571
78440625
78501494
78508964
78514689
78520123
78525608
78530993
78536353
78542111
78548087
78553913
78559369
78564625
78569678
78574391
78580001
78582860
78586713
78595972
78609979
78725779
78851215
78981040
79106451
79216810
79270037
79277454
79281949
79285181
79288474
79291631
79294525
79297220
79300221
79303675
79307213
79310725
79313551
79316592
79318568
79320617
79325734
79333397
79344017
79445565
79548192
79662517
79765988
79856642
79905978
79908624
79909874
79910862
79911959
79913458
79915356
79917089
79918430
79919609
79920635
79921774
79922788
79923717
79924640
79924674
79926032
79929491
79934411
80033405
80120369
80232386
80339182
80436156
       0
       0
       0
       0
       0
       0
       0
