14413350
12622199
11979691
11634955
11420926
11278355
11187641
11125431
11073345
11040885
11028616
11017127
11032333
11052816
11083214
11120672
11134736
11152349
11159769
11162227
11161869
11182331
11189834
11191206
11191796
11186856
11183957
11186605
11193328
11187339
11188220
11189793
11189285
11190307
11186469
11184524
11182672
11231819
11289848
11324497
11372567
11529149
11597733
11606822
11593814
11547129
11507466
11476877
11453939
11440680
11428093
11417005
11408120
11409507
11398430
11393731
11390012
11379911
11365385
11340200
11324808
11308508
11289679
11280467
11275556
11271434
11273039
11272455
11271954
11270881
11275746
11272306
11270785
11268901
11268123
11263741
11262864
11269402
11265156
11266349
11270628
11263504
11240514
11217484
11184222
11167440
11148875
11138240
11123026
11133958
11137642
11144065
11150562
11158901
11156019
11163437
11166091
11168708
11173775
11178610
11185810
11187674
11185386
11190787
11193606
11170759
11143140
11125000
11093096
11069868
11044699
11025322
11007707
11016819
11031313
11036677
11041372
11046111
11059048
11066617
11072467
11073254
11082986
11085158
11094794
11100696
11107125
11109055
11108941
11101819
11082270
11061719
11028255
11006138
10988628
10975796
10976997
10991091
11003935
11008270
11018891
11030978
11034970
11042914
11046503
11051009
11064059
11067116
11072374
11069220
11069572
11076169
11084492
11068369
11048871
11017406
10996208
10968310
10943758
10928658
10919446
10928729
10940129
10940973
10948553
10956686
10962066
10964552
10965864
10967798
10973502
10976715
10977257
10980487
10982273
10987926
10986905
10976821
10955872
10933229
10904086
10877127
10859923
10840243
10831683
10834570
10841835
10849927
10849153
10857136
10861640
10865340
10868000
10870505
10871293
10871491
10873915
10873543
10877703
10879820
10883082
10874132
10846278
10821098
10792703
10768573
10747480
10734232
10731509
10732337
10738613
10751493
10751365
10754616
10757415
10756833
10756300
10757292
10762678
10765562
10770466
10772293
10773650
10777504
10779010
10768158
10744339
10720087
10699920
10680838
10673158
10662643
10660960
10665600
10671620
10676879
10686806
10687767
10684064
10686590
10687233
10692238
10694023
10693760
10693243
10696002
10694478
10697634
10700603
10699427
10685286
10666037
10643247
10628458
10624111
10621400
10620418
10614513
10620104
10621721
10626759
10625135
10625923
10627735
10629773
10628046
10630184
10636225
10640125
10641866
10643890
10643673
10645368
10640543
10624535
10610403
10592790
10582542
10573919
10563562
10563330
10564261
10562510
10562146
10563422
10565162
10567467
10566320
10567314
10565186
10568423
10570356
10570325
10570453
10572887
10571375
10569086
10571423
10566689
10553121
10548001
10535923
10531923
10535900
10539177
10542979
10543997
10548496
10548576
10550534
10554783
10555482
10617217
10797324
11177097
13091814
14427426
14612259
15375566
15982825
16042196
16144251
16494506
16799926
16909872
16482536
15759787
14962333
14531836
14343731
13943577
13901710
13564059
13205384
12930133
12736707
12636980
12622293
12557741
12570446
12603046
13130511
13292503
12974437
12840884
12696938
12527679
12403024
12368739
12379581
12366355
12454457
12559399
12837377
12695631
12551904
12494383
13044316
13562325
14376266
14384275
14107007
14600184
14647582
14436731
14295529
13684290
13721920
14069365
14074584
13708050
13024460
12987502
12900013
14040396
13306187
12181255
11463055
11111791
10986165
10911235
11189560
11217977
11201312
11383474
11311246
11130412
11226898
11273713
11222205
11126381
11090456
11088644
11109560
11189611
11320335
11507270
11662983
11793386
11924103
11999752
12021509
12040085
12062404
12083885
12105573
12122850
12146077
12156974
12183294
12203812
12216018
12230275
12245440
12259900
12271023
12291579
12341899
12428464
12566971
12691508
12791981
12848319
12855102
12838782
12841854
12842686
12846339
12854511
12852820
12852465
12854431
12859021
12856431
12858410
12850890
12850421
12851637
12849586
12851008
12847981
12853396
12864998
12854877
12828032
12788392
12743620
12706128
12679866
12681732
12685423
12687899
12686242
12676849
12666423
12658008
12652647
12644926
12638811
12641264
12632761
12627310
12627651
12624318
12620042
12601347
12580022
12537726
12492793
12460735
12426231
12402312
12391961
12407050
12424091
12428336
12435102
12432020
12430037
12433235
12431480
12435295
12432880
12434578
12433063
12422916
12419458
12417614
12421916
12408493
12382118
12339447
12309762
12281541
12265408
12254656
12266109
12267639
12282054
12288920
12298608
12305804
12313795
12315557
12320742
12322129
12326274
12327332
12330046
12328639
12323958
12326065
12328629
12315851
12290354
12257704
12224627
12188875
12188132
12186294
12197854
12208327
12222607
12226689
12230162
12233138
12239516
12252776
12275330
12327248
12367898
12405019
12437215
12470466
12430425
12396816
12409051
12383868
12353096
12322915
12268282
12226868
12199905
12186978
12185546
12183224
12183132
12186791
12181414
12183278
12203543
12462360
12928163
13282351
13026899
13384918
13462925
13384225
13297108
13156490
13155107
13058899
13028187
13053974
13098748
13056719
13107600
13162805
13199173
13200272
13070484
12946358
12973072
13637331
13774409
14137240
14036877
14483734
14174881
13572290
13681537
13581694
13293447
13221306
13009596
12719846
12514212
12047805
11690747
11428176
11281441
11268172
11265714
11226209
11135043
11096353
11116466
11157441
11223849
11287596
11382827
11470365
11548170
11611560
11671842
11734566
11784093
11829101
11876336
11969855
12110012
12315091
12534716
12741122
12890744
12977464
13004759
13002682
13003741
13001855
12994915
12994202
12996181
12989125
12977008
12978686
12975891
12971120
12967686
12960673
12968462
12964286
13052719
13331372
12842098
12584900
12758798
12755755
12437210
12313181
12265099
12314797
12217387
11925264
11737160
11445847
11148643
10881474
10764393
10731036
10752878
10868553
10975492
10932201
10927549
10964220
11065004
11178071
11138860
11049324
11154918
11579248
12247068
12119672
11848172
11709863
11584045
11513256
11464237
11554510
11791103
11699719
11705410
11715573
11661692
11639774
11603606
11557411
11563479
11577820
11643546
11670815
11705100
11735582
11764267
11816677
11915918
11994954
12047443
12098856
12138247
12171505
12210675
12194652
12132050
12122718
12140906
12154818
12219161
12292959
12350899
12401940
12422239
12411970
12413676
12333013
11849576
11440891
11322860
11853110
11613209
11909088
12074380
11793729
11506368
11209659
10931251
10716172
10576813
10509661
10363177
10222534
10095175
10022158
10003389
10008000
10015121
10086022
10155563
10241594
10338575
10506000
10716291
10931859
11163502
11338448
11445094
11528060
11560678
11484000
10949436
10990204
11148150
11097671
11069706
11203353
10918182
10745065
10580951
10461221
10382874
10331816
10335772
10333374
10367156
10454061
10667505
10944726
11180113
11372082
11503483
11567158
11628518
11684778
11729763
11765622
11800921
11837536
11885170
11920803
11959717
12003047
12035554
12065693
12105208
12147131
12191415
12368190
12493083
12656049
12816272
12951293
13017058
13038696
13036751
13027799
13017554
13015548
13017316
13018177
13019873
13011970
13007435
13000460
12989991
12990491
12985376
12985245
12981982
12981430
12997560
13005752
13012826
13018307
13022202
13026910
13031057
13031632
13032966
13044925
13049483
13048322
13049264
13054277
13053691
13055959
13063190
13072627
13073622
13073660
13075129
13078559
13077189
13078809
13080614
13084833
13080969
13085756
13082515
13074180
13071382
13066838
13061956
13064897
13064254
13067362
13064806
13066735
13066478
13063892
13062916
13057617
13054743
13052350
13047847
13048213
13050800
13050492
13050370
13051387
13054474
13051364
13042444
13039813
13038580
13039686
13036405
13032806
13038294
13042004
13040488
13037869
13034020
13031073
13036460
13040726
13039751
13039756
13036300
13031944
13031168
13035461
13034848
13041850
13039459
13037199
13031801
13029934
13026423
13026676
13029402
13023356
13018527
13016552
13011547
13012545
13010461
13009493
13016596
13012825
13011243
13009557
13009945
13003766
12997001
12997672
13000693
12998864
12993868
12989271
12983493
12974603
12971993
12962583
12961887
12954435
12956607
12951073
12946747
12946928
12944826
12944177
12941968
12936748
12933153
12932386
12925715
12920214
12914249
12913314
12905804
12902252
12899794
12894547
12890405
12884634
12882277
12877235
12873851
12870111
12865487
12865705
12861218
12854588
12850776
12849967
12845256
12848557
12849643
12844805
12841757
12839615
12835492
12829971
12824680
12821521
12815849
12810979
12807119
12806512
12807038
12807726
12804767
12800796
12799253
12794210
12792113
12793423
12793998
12786312
12782390
12780734
12780413
12780503
12779634
12775412
12777028
12777152
12774745
12772476
12775505
12771563
12765953
12762436
12760765
12758962
12759663
12759041
12758641
12754786
12752864
12750245
12749858
12752460
12749633
12748933
12748397
12749415
12753447
12752812
12753260
12753004
12753615
12750870
12750499
12748136
12744095
12742070
12745574
12743579
12740862
12741010
12739518
12740438
12741152
12741974
12738957
12738451
12747806
12761430
12766048
12785043
12791955
12791283
12782169
12780486
12779682
12775353
12769852
12770510
12766067
12763326
12759900
12755885
12754009
12751679
12750154
12748904
12745725
12743216
12742595
12745061
12740323
12738871
12736377
12732491
12734940
12734754
12733525
12730175
12729477
12724945
12723271
12721168
12721182
12717714
12713666
12713047
12713211
12708642
12704729
12704088
12699426
12697986
12696774
12694858
12692313
12692590
12690829
12690509
12689537
12686982
12689391
12687032
12684077
12680228
12676098
12673786
12670608
12670659
12670085
12665681
12663278
12661297
12657130
12653154
12651374
12648824
12645831
12644162
12641724
12639771
12638585
12638385
12637467
12639601
12638194
12638176
12638529
12638272
12633506
12629308
12631097
12630013
12630378
12629791
12632376
12684002
12818917
12980615
13036345
13094470
13160140
13231739
13333177
13356403
13310748
13239838
13199627
13152913
13127675
13102388
13081595
13067678
13091747
13116827
13108555
13085479
13130926
13274217
13257359
13171878
13119184
13086519
13069945
13056353
13044709
13032747
13027069
13021253
13018150
13014383
13016807
13013818
13014596
13014980
13016288
13019714
13020731
13022472
13022300
13019254
13018312
13023378
13024183
13030628
13034823
13035548
13035174
13038373
13040541
13038187
13034341
13036921
13033435
13033188
13031838
13031761
13032353
13032346
13032738
13028594
13027949
13025802
13018216
13010707
13002895
13001299
13006147
13009185
13009538
13012300
13011454
13012226
13012261
13006501
13001574
12999202
12996675
12995350
12992216
12987503
12983333
12979873
12972041
12955288
12943496
12945548
12981672
13260694
13263601
13353468
13585402
13572389
13559999
13463339
13357951
13250187
13229970
13196951
12933329
12881180
12848062
12800345
12993655
12829233
13253374
13146214
12887683
13229063
13262384
12923861
12418405
12075682
12413417
13190140
12546917
12128338
12292694
12350753
12305361
12903013
12624191
12510335
12473634
12253666
11822214
11520499
11368805
11242725
11184011
11269059
11341140
11222437
11175213
11153961
11189407
11208318
11286945
11356098
11454746
11433295
11457933
11496463
11548910
11579615
11605091
11638604
11677598
11716162
11743297
11778664
11813146
11860845
11885062
11964523
12006035
12031782
12053587
12072788
12102097
12136759
12163674
12197561
12223063
12251293
12275248
12301055
12324573
12354898
12464196
12155555
12264000
12615072
13145764
12913886
12487099
11878229
11501634
11273447
11128623
11025825
10970997
10928444
10914149
10945173
11021727
11119525
11205919
11273420
11343642
11397135
11458284
11510027
11552695
11602287
11637961
11680036
11719532
11753501
11797510
11841609
11876895
11914483
11952264
11994513
12020421
12057147
12091589
12125107
12177255
12210458
12246321
12269785
12305587
12346723
12380020
12401121
12424071
12448004
12475339
12500973
12522223
12543357
12565950
12590439
12608720
12632786
12645998
12657555
12680937
12700235
12722343
12746315
12754727
12764222
12832089
12831389
12834612
12830242
12835745
12837573
12846242
12850232
12853819
12868418
12794675
12764426
12782407
12546934
12514946
12625551
13105738
13374745
12868563
12063544
11710621
11566047
11444215
11144148
10939159
10806178
10929403
11989627
12367375
11790161
11267255
11074686
11975589
12279293
12128643
11810183
11416805
11305412
11654069
11487590
11143149
10858422
10799479
10771921
10638551
10610014
10642741
10588177
10550139
10533251
10570449
10663228
10758071
10850200
10947952
11018930
11081311
11142466
11203731
10979307
10944857
11228364
11224248
11235970
11067356
10945005
10910364
10872878
10857172
10842164
10843353
10861284
10889129
10925209
10978349
11081231
11180379
11269681
11355849
11429372
11497149
11557718
11606559
11660998
11710534
11756879
11803271
11851888
11908966
11947488
11981289
12019670
12054996
12083701
12114908
12140086
12166733
12190032
12209983
12231122
12249003
12260695
12276859
12304922
12327542
12356101
12382826
12402964
12424477
12450648
12469761
12488141
12508020
12527052
12544209
12552313
12564949
12580444
12591539
12609108
12626807
12643112
12650728
12655366
12657075
12664476
12680762
12690833
12699889
12706720
12721175
12729175
12741435
12734314
12727579
12744485
12733194
12726792
12724125
12730326
12742623
12758198
12764330
12777817
12791066
12787641
12787206
12790546
12797399
12803555
12810881
12817512
12827205
12841300
12847561
12862762
12872604
12888073
12901618
12921634
12934551
12944601
12965779
12983768
13000536
13010198
13008181
13010557
13018058
13027968
13035549
13048591
13052757
13060478
13064709
13070006
13077651
13078276
13082541
13086950
13090223
13090015
13088150
13085865
13088958
13091716
13084564
13077473
13072587
13073121
13071700
13072381
13067922
13065435
13061939
13063237
13064331
13069812
13063670
13056767
13052844
13051167
13049747
13045002
13044219
13041511
13036403
13036489
13032623
13026903
13023962
13016942
13010586
13006272
13002310
12998071
13001540
12997511
12992210
12990538
12986148
12981241
12976981
12972432
12967944
12965559
12963482
12960467
12958819
12955513
12950657
12946621
12938695
12934740
12929558
12925094
12922805
12920582
12912562
12908563
12908192
12906940
12904349
12901510
12904247
12903984
12901181
12900258
12900402
12899481
12900954
12898635
12894228
12892019
12893346
12891294
12890658
12889645
12889343
12887989
12888102
12885508
12882084
12881045
12878438
12881391
12882550
12880965
12878580
12877508
12874139
12872143
12868847
12867368
12866458
12865626
12859711
12856717
12853479
12850019
12846421
12842325
12842426
12841555
12839485
12841206
12849574
12709352
12709315
13017757
12821183
13569872
13482664
13373308
13390660
13175043
13192583
13206702
13301499
13050000
12757138
12303114
12028062
12150916
12537521
12631252
12519805
12379542
12158737
12047174
11630114
11694868
11614263
11515304
11618537
11586023
11675651
11699711
11289662
11016611
10936191
10969771
10843766
10776692
10663099
10704573
10961893
11284978
12034641
11989897
11788543
12078613
12704230
12840847
12946674
13185203
13350186
13285297
12894312
13074346
13293118
12705975
11821634
11173134
10769226
10517486
10377524
10308368
10222588
10188268
10186692
10184490
10156436
10119240
10119125
10083941
10038609
10074027
10234235
10535355
10609963
10693697
10485281
10341313
10225297
10155711
10106464
10087069
10101381
10141553
10181369
10259938
10357548
10470424
10558678
10660103
10737569
10825756
10885173
10950107
10984106
11033514
11081524
11124849
11152872
11190724
11236407
11276721
11321891
11346788
11376334
11463202
11554621
11635036
11667439
11695115
11726315
11747948
11778756
11807381
11825129
11855125
11870419
11893077
11906020
11926433
11939507
11954671
11978514
11999074
12026419
12044723
12073427
12106390
12131123
12160823
12178736
12204253
12231027
12249428
12274461
12300520
12431773
12406015
12353478
12274272
12081321
11674890
11504904
11577885
11481372
11634358
11744905
11570209
11516714
11731529
11881711
11958271
11874458
11777331
11528052
11288355
11110450
10887371
10602019
10332851
10114839
 9978405
 9870263
 9809571
 9793759
 9815664
 9865726
 9932854
10015724
10118950
10231843
10338381
10433740
10506341
10573110
10632385
10692126
10763159
10771818
10744787
10771653
10745094
10776166
10689062
10534859
10418614
10379250
10409280
10765207
11254558
11833632
12641761
13053328
12972747
13048113
13318711
13368299
13243656
12995925
13074950
13097416
12629481
12628670
13105456
12889164
11810923
10940702
10395194
10016904
 9764350
 9616624
 9529829
 9453485
 9418814
 9400557
 9408098
 9437729
 9488623
 9546467
 9644735
 9774572
 9883880
 9990385
10082287
10153673
10225119
10289648
10355358
10413428
10488893
10564016
10634227
10678679
10744123
10796874
10865615
10920765
10988629
11040628
11098447
11165219
11222504
11287207
11341132
11387854
11444506
11481531
11527695
11569128
11624232
11668830
11710813
11752540
11799422
11835193
11870547
11907818
11939468
11971786
11999042
12030637
12058385
12088507
12113281
12137102
12162226
12183257
12204704
12222598
12245452
12267960
12289721
12305644
12326888
12347837
12374436
12390808
12410448
12436335
12458140
12472922
12489891
12511510
12518844
12523580
12537586
12543682
12547438
12543391
12556092
12566054
12572365
12589839
12595460
12608580
12621508
12627244
12634121
12637057
12642886
12657455
12658741
12659934
12664916
12669033
12677757
12689344
12695497
12703205
12716655
12715352
12717236
12718224
12715874
12715923
12730046
12735742
12736138
12746889
12759030
12770462
12780496
12784375
12791822
12806235
12813356
12827082
12829289
12806701
13024791
13100023
13144821
12871596
12808927
12780550
12798856
12856195
12928558
12977756
13004200
13012121
13012473
13020500
13012811
13008760
13003629
12989302
12980510
12970413
12963242
12959050
12959186
12967284
12972329
12974274
12973192
12981302
12985639
12989266
12985630
12984832
12991263
12996757
13001244
13008747
13012514
13021829
13027517
13031454
13036399
13074535
13087454
13050629
12601860
12482296
12876802
13336562
13348146
13513734
13468507
13128452
11963243
11560403
11327558
10829177
11091585
11742603
10984617
10490745
10237715
10010741
 9849918
 9759928
 9674560
 9631766
 9624882
 9637347
 9680018
 9722512
 9789803
 9862307
 9957617
10065282
10162282
10255546
10355420
10446459
10520162
10592828
10655733
10715326
10773138
10825602
10877284
10929137
10983971
11049675
11088785
11141372
11197123
11253950
11328722
11402000
11470313
11521644
11588106
11651924
11706823
11752636
11798477
11848207
11886110
11923141
11962987
12001289
12035850
12071294
12099053
12117974
12146595
12174499
12211852
12243108
12276494
12303886
12333707
12371115
12398257
12423391
12452537
12487363
12514721
12527979
12543595
12554866
12574019
12579401
12595959
12616530
12629056
12636419
12638735
12645555
12658549
12660001
12662589
12671870
12674387
12683246
12687109
12695795
12707245
12714782
12725621
12737392
12737744
12738914
12745628
12747578
12752648
12757221
12763582
12771972
12776842
12779644
12782162
12790951
12798869
12798059
12802866
12808358
12818226
12830224
12831592
12834819
12837832
12841909
12849815
12849339
12861332
12869821
12866735
12868467
12864080
12857442
12857460
12859808
12864373
12880502
12893346
12915756
12922971
12927419
12930727
12933735
12933955
12934226
12931468
12939797
12948054
12957512
12960501
12968662
12972607
12963723
12954477
12955561
12950681
12954094
12953741
12957231
12961957
12972165
12983183
12993448
12994465
12990520
12992077
12984456
12978731
12975857
12972359
12969851
12967343
12960538
12958550
12965466
12965552
12964075
12967345
12961667
12959830
12958703
12957684
12957816
12959309
12961432
12960491
12967578
12967952
12966795
12965152
12969719
12846798
12765488
12804487
12832250
12874090
12885649
12888466
12869439
12868990
12918254
12937218
12930630
12919275
12919241
12916348
12920600
12926681
12921634
12918574
12913718
12925322
12924530
12896228
12996274
13461349
13740310
13615133
13554149
13486606
13403371
13337014
13281519
13236613
13207610
13169083
13150499
13148287
13143707
13124153
13127251
13118311
13120021
13117765
13118423
13119505
13118990
13119606
13123009
13127196
13131565
13127617
12869504
12402869
12538540
12572129
12616927
12650642
12685815
12722356
12763014
12816387
12864339
12797079
12755097
12448037
12310946
12317599
12565105
12666448
12563332
12409353
12366521
12468179
12408879
12321156
12276607
12215037
12178763
12139355
12110074
12152726
12057931
11813967
11789799
11857723
11733503
11731025
11726046
12026868
12029867
12081382
12273933
12085021
12124014
12407671
13318932
13128374
13230802
13095163
12866948
12349536
11871357
11548645
11390216
11508797
11998306
12101635
11765344
11181227
10822444
10532441
10403092
10327983
10271870
10189606
10139099
10186147
10648205
10726627
11094255
11257588
11587023
11531708
11401580
10846280
10491733
10262806
10118040
10040490
10031803
10041203
10062260
10103514
10126895
10145681
10178173
10221418
10275486
10356456
10449200
10541730
10638168
10728407
10809979
10877020
10953346
11022634
11089926
11142694
11194362
11239557
11294011
11338064
11384830
11425922
11469915
11519812
11578655
11644831
11690285
11733470
11782169
11827909
11865006
11903634
11942748
11982845
12005615
12038706
12075903
12115259
12149323
12185010
12199311
12383708
12323389
12284026
12006941
11990338
11617488
11259498
11019939
10976141
10913973
10835633
11098913
11710388
12510254
12202310
12483789
12078337
11849794
11578824
11277837
11459337
11212628
10633644
10320694
10177012
 9921664
 9781952
 9649370
 9579849
 9567859
 9610872
 9676430
 9738987
10215246
11911125
12527080
12291511
11993729
11147736
10471684
10050290
10668555
11951275
11263761
10589148
10158447
 9972010
 9736468
 9601358
 9509804
 9467752
 9428577
 9475344
 9489641
 9540528
 9624933
 9647496
10015262
10684701
10305766
 9961467
 9783805
 9674374
 9643033
 9737967
 9996470
10302034
10577205
11099240
11771636
12156710
12209795
11988647
11603570
11452302
11543079
11642356
11735373
11683626
11580461
11566098
11201802
10631398
10462702
10978680
11269224
11280066
11256877
11561796
11364328
12020416
10932413
10171506
10082476
 9910292
 9835356
10036766
10106072
 9800546
 9494632
 9320246
 9242200
 9238907
 9212096
 9232965
 9225345
 9253082
 9288472
 9364009
 9465777
 9584373
 9788722
 9892075
 9950131
 9958412
 9779970
10160233
10834275
10559997
11049795
10960178
10872685
10784320
10571965
10160114
 9792000
 9545115
 9381064
 9308933
 9239839
 9239607
 9238059
 9238934
 9256873
 9302310
 9323797
 9374909
 9448050
 9575686
 9721715
 9870519
 9996663
10110999
10208575
10287691
10390117
10463950
10544478
10626464
10698702
10772105
10830386
10893290
10959443
11026523
11094196
11167949
11240689
11312728
11381119
11441971
11497096
11566427
11621580
11668037
11737026
11801004
11855555
11898039
11938515
12012526
12060547
12084927
12119709
12146196
12166372
12185046
12203888
12229853
12261532
12276980
12313203
12335315
12350614
12372737
12404696
12432702
12464717
12516175
12691324
12689529
12678495
12685141
12695282
12698301
12705004
12709848
12711450
12708697
12708633
12711497
12715877
12719789
12720685
12726927
12726525
12735225
12739062
12751781
12756583
12761922
12772384
12792748
12806497
12822136
12832306
12851471
12871451
12880657
12892734
12900488
12918167
12931949
12942683
12950821
12961733
12969490
12972351
12978468
12985869
12994097
12996802
13007693
13013774
13020763
13026005
13040287
13053312
13073439
13079535
13077863
13082125
13082298
13092830
13105155
13107237
13112183
13117838
13121175
13126473
13134934
13138881
13146189
13147694
13144934
13154588
13155845
13159844
13162564
13019733
12528589
12920012
12981770
12881256
12825150
12806328
12518974
12366374
12015079
11650611
11844062
12502713
12813525
12582917
12289153
11659734
11774558
11825697
11936976
11834188
11342445
10943427
10448713
10202752
10141359
 9897615
 9644910
 9469617
 9364217
 9306971
 9277617
 9453721
 9715195
 9662130
 9655930
 9663580
 9529435
 9684851
 9746507
 9871479
 9717764
10162275
11143250
10694353
10268246
 9982883
 9925462
 9916534
10720596
10447081
10739369
10636125
10936366
11026637
10770147
10771686
10441575
10450385
10172799
10571312
11344079
11218652
10250514
 9774221
 9554398
 9981241
 9682795
 9601768
 9835239
 9813333
 9484821
 9300782
 9227707
 9499993
 9380387
 9428389
 9386973
 9341586
 9458674
 9432812
 9686536
 9824995
 9750178
 9667094
 9638478
 9545578
 9628710
 9617945
 9643676
 9697673
 9717892
 9809563
 9814992
 9566731
 9392798
 9369383
 9679301
 9745345
 9893132
 9743996
 9534100
 9338893
 9209089
 9318812
 9436538
 9345755
 9253056
10249251
11371492
11547657
10431784
 9734442
 9388167
 9173622
 9180215
 9211872
 9586907
 9446080
 9581056
 9435893
 9261776
 9133196
 9300872
 9655604
 9702364
 9812662
 9567952
 9381588
 9260177
 9222810
 9209059
 9210888
 9228085
 9532324
 9609990
 9611335
 9475471
 9494689
 9428795
 9416378
 9454170
 9514058
 9553883
 9611335
 9686190
 9793906
 9902505
10029889
10199995
10280532
10332818
10400521
10460949
10524644
10595856
10676455
10760649
10850986
10918094
10985553
11059175
11139561
11202409
11287836
11367096
11436754
11505286
11562083
11626979
11700747
11773943
11825683
11887475
11930124
11973244
12021619
12063652
12112644
12159142
12198795
12227283
12263208
12299068
12325414
12362995
12406301
12437515
12472500
12507334
12541003
12572867
12597269
12634579
12655264
12684250
12714676
12735228
12755085
12771298
12792630
12810144
12819139
12839201
12862413
12873298
12889238
12895259
12916487
12927027
12935688
12955761
12972358
12992680
13013018
13026473
13041303
13064460
13085129
13091473
13101851
13113025
13134919
13143331
13154855
13161005
13168413
13175690
13185694
13202724
13210259
13207713
13224619
13234942
13248842
13261107
13267159
13270812
13271151
13279117
13288328
13297862
13307789
13313285
13324201
13342477
13354760
13363378
13368328
13366261
13371057
13362721
13356853
13350234
13348237
13345726
13348053
13348223
13356938
13365970
13376408
13379867
13383722
13383779
13384604
13392952
13393699
13394676
13395455
13401562
13398674
13404387
13408505
13414614
13413901
13412646
13399902
13384978
13378690
13365427
13358758
13363487
13367241
13384111
13396556
13404693
13403031
13408105
13416352
13423223
13420768
13428714
13425310
13423866
13427981
13427263
13433155
13439999
13444185
13442669
13435408
13424731
13411680
13407951
13405752
13408881
13418704
13427353
13448526
13466856
13468107
13467274
13466876
13471202
13476845
13480990
13488034
13492382
13495000
13499946
13506928
13508820
13505534
13496465
13483397
13470230
13467713
13463968
13459602
13456515
13465672
13472376
13478259
13488995
13467106
13300659
13312398
13327878
13322088
13294504
13269046
13254961
13230756
13241429
13249394
13260189
13272502
13288700
13313540
13345675
13372997
13381035
13380053
13369437
13360846
13342573
13339258
13337363
13490023
13055180
12880685
12641936
12267781
12043771
11856572
11681848
11563061
11450392
11429413
11327710
11358876
11472087
11480837
11525935
11443050
11462058
11385391
11648334
11586642
11415936
11065601
10937593
10920788
11259094
11536742
11716176
11471026
11276388
10904308
11335684
11303021
11137992
10833713
10785474
10789046
11216407
11089935
10946967
10852204
10683893
10613991
10602948
10587437
10586188
10597732
10680520
10742877
10865436
10967845
11058089
11162557
11253726
11365627
11397680
11350658
11385924
11457335
11527801
11573148
11618274
11498846
11290989
11275178
11249665
11130598
11213868
11158136
11136669
11160793
11187906
11243706
11316569
11382484
11461880
11552638
11617998
11666758
11721369
11773716
11827578
11880504
11931783
11982354
12038062
12100348
11999104
12399975
12339098
12273447
11768505
11189874
11390417
12162234
11925645
11181711
11500939
11200321
11151405
11266863
11326603
11393951
11336475
11173008
10911011
11180934
11679006
11338299
10934260
10863409
10560590
10536927
11038205
11696612
12126316
12220042
12365565
12175266
11921598
11673934
11188546
10309634
 9706396
 9379232
 9329993
 9651580
 9543039
 9734078
10375007
11133815
10891836
10306695
 9735199
 9265089
 9043135
 8959717
 8879343
 8907747
 8953578
 9007640
 9038683
 9050921
 9037814
 9033932
 9082640
 9233949
 9949817
 9729919
 9561211
 9404915
 9211105
 9115503
 9085149
 9063925
 9055971
 9093202
 9160151
 9208517
 9269399
 9329217
 9261666
 9634937
 9430650
 9332219
 9286994
 9305351
 9352650
 9411628
 9492863
 9581679
 9720609
 9855060
 9966827
 9899133
 9699676
 9723693
 9740340
10020049
10717719
10391995
10207355
10825995
10985811
10990142
11247448
11185701
10487221
10436685
10379568
 9991862
 9860176
 9803570
 9358660
 9098989
 9065209
 9045881
 9187869
 9424658
 9277997
 9255582
 9171723
 9194088
 9267354
 9134883
 8919119
 9264823
 9880061
 9952495
 9789302
 9423298
 8997303
 8810699
 8713430
 8723322
 8717980
 8721522
 8736382
 8829084
 9042799
 9206804
 9277650
 9336905
 9403443
 9482616
 9599431
 9710663
 9820152
 9919842
10034293
10146722
10246902
10358720
10472168
10571367
10686599
10783336
10870618
10979723
11081885
11159079
11255522
11336815
11419274
11517284
11605639
11684946
11773174
11856785
11922777
11985437
12043669
12098614
12142259
12185880
12226004
12257443
12290779
12325170
12362532
12410415
12444870
12475882
12512966
12543307
12586192
12615976
12634561
12654245
12693061
12728375
12756097
12781268
12815275
12829355
12844038
12869074
12882882
12896676
12917442
12930752
12945953
12962926
12971054
12974997
12994475
13000305
13014716
13033445
13052423
13063538
13076528
13085138
13089937
13095203
13118115
13141067
13154303
13168926
13172705
13178332
13188344
13195088
13204887
13218526
13228728
13237791
13238804
13245411
13256541
13261799
13273087
13287676
13297013
13314427
13323648
13336561
13355761
13370658
13389090
13392889
13399524
13405658
13324997
13382711
13386902
13391556
13390668
13386793
13327140
13364999
13391550
13362553
13479592
13565626
13544286
13527856
13198024
12579900
11851182
11215711
11170284
11063072
11741200
11900992
11707046
11389990
11160305
10783236
10067760
 9618465
 9388329
 9285740
 9298043
 9314998
 9127681
 9007145
 9005480
 8977818
 8895980
 8881292
 8911764
 9014817
10457338
11606192
10947951
11009631
10537074
 9681768
 9216908
 8937831
 8950138
 9280342
 9674310
 9845133
 9530924
 9257299
 9251181
 9591713
 9722246
10437128
11044998
10774733
10608261
10132799
 9703785
 9463948
 9000373
 8595242
 8374490
 8249027
 8246222
 8237736
 8228090
 8259262
 8297881
 8368467
 8443280
 8590531
 8691356
 8783451
 8934130
 8981103
 9069093
 9160482
 9220050
 9314938
 9405156
 9492390
 9582992
 9678475
 9776324
 9888577
 9928706
 9585280
 9307138
 9397994
 9355994
 9518138
 9321760
 9359456
 9457975
 9493165
 9651977
 9603733
 9625060
 9605211
 9793131
 9547145
 9310424
 9179067
 9389892
 9459348
 9445014
 9771888
10100010
10366307
10487507
10571869
10634716
10620839
10132885
 9650225
 9523089
10187608
10119226
 9484428
 9290825
 9762453
10612617
10849873
11195989
11197781
10961603
10636788
 9610675
 8865892
 9121052
 8535925
 8131412
 7918372
 8143936
 8605984
 8421504
 8022667
 7820698
 7750705
 7702229
 8069969
 8069343
 8096759
 8044952
 8020545
 8017274
 8052241
 8115663
 8203612
 8296546
 8388410
 8499611
 8651562
 8812833
 8983700
 9145009
 9312642
 9457654
 9586664
 9719997
 9819028
 9943556
10045207
10152579
10240514
10322989
10424736
10489188
10542772
10590473
10652252
10637031
10774874
10888583
10977732
11067980
11148998
11235012
11311053
11395619
11472194
11540293
11623613
11701668
11774468
11850732
11907338
11978066
12028412
12065746
12109823
12150790
12188593
12233445
12281200
12328320
12370346
12425799
12474175
12524566
12578850
12629748
12667719
12709567
12748961
12797012
12830219
12870896
12901716
12943737
12981670
13021665
13054787
13082785
13109675
13141062
13165453
13188929
13210349
13233938
13259094
13274926
13301733
13320702
13332243
13348588
13363476
13384009
13398009
13410310
13419324
13439548
13448905
13461323
13475738
13496806
13508912
13503143
13478243
13476226
13476870
13480259
13477651
13482039
13489097
13492932
13500829
13514346
13525316
13534593
13551441
13561380
13569957
13579126
13592551
13605857
13615927
13623453
13634403
13648679
13656125
13669174
13683502
13701808
13625650
13614560
13642246
13583393
13478829
13474844
13474990
13325493
13300997
13143500
13012247
12893778
13117020
13016540
12928117
12883559
12844124
12825143
12836543
12788232
12813669
12824034
12802370
12774089
12756811
12768765
12799153
12835815
12871669
12910507
12955400
13007548
13045864
13088399
13123089
13159522
13194746
13228762
13266523
13301285
13328593
13363123
13389150
13424730
13447500
13461495
13488666
13522291
13552116
13585549
13604565
13625649
13653920
13679152
13702078
13728027
13748717
13773051
13795830
13822134
13878237
13921623
13938002
13948872
13957418
13975154
13989579
14004044
14017047
14031934
14039259
14046615
14046325
14050028
14048782
14055946
14061482
14072795
14089553
14102359
14118449
14132037
14148914
14159879
14154945
14118871
14104908
14081257
14069547
14096934
14107900
14114110
14123104
14130909
14126944
14126198
14131453
14138666
14145980
14153330
14160156
14165296
14170460
14172910
14175160
14180539
14186328
14188842
14200790
14174548
14139534
14054225
14039293
14083621
14097599
14107011
14113796
14120089
14130843
14132362
14139461
14141176
14141500
14147304
14153689
14152915
14145061
14143799
14141313
14140692
14130187
14099435
14092416
14071826
14046898
14010764
14033385
14048150
14050352
13954542
13747273
13508156
13436482
13344926
13311592
13281736
13321457
13035535
12855014
12553787
12031770
12110158
11893644
11775101
11702737
11666189
11651944
11650769
11799674
11873114
11677735
11790536
11831486
11682263
11052368
11268372
11270445
11244197
11089710
11204980
11203686
11206812
11224613
11269488
11300372
11335361
11097289
11287015
11378084
11104102
11155174
11064880
11103165
11143402
11202439
11292371
11377779
11451767
11541170
11566559
11747983
11775201
11801813
11782033
11742665
11680962
11598239
11735625
11802947
11862099
11936236
11985339
12051992
12099427
12164036
12238620
12299817
12356941
12405907
12454028
12502400
12552698
12599425
12619685
12642915
12690286
12719123
12782287
12813074
12847795
12875277
12913311
12937505
12971506
13002107
13035524
13063089
13087126
13116664
13143935
13171177
13192574
13220321
13238796
13258283
13271562
13284119
13292939
13302068
13318265
13330042
13365230
13383283
13395101
13402126
13411452
13422114
13438049
13451228
13462832
13498724
13517923
13537523
13558275
13579667
13594357
13603106
13610554
13615615
13626838
13631957
13625559
13622583
13620221
13627055
13641025
13649929
13660811
13675658
13701162
13718502
13736118
13748605
13764895
13785058
13819781
13829906
13827849
13831765
13859209
13870454
13879890
13888778
13890927
13884613
13880561
13886816
13889091
13891151
13902522
13900125
13905599
13918849
13936392
13936002
13944944
13953085
13971292
13975856
13942055
13882849
13874630
13840210
13852615
13869213
13875200
13877223
13880901
13879044
13866710
13853492
13843377
13837396
13844580
13856205
13868342
13878055
13912096
13919043
13937741
13870846
13720077
13723335
13794105
13803888
13770282
13768901
13775944
13776849
13765992
13757226
13756452
13749580
13748578
13740087
13740561
13741819
13760946
13772842
13786022
13801590
13814443
13812403
13765503
13745852
13771366
13796108
13820699
13844502
13853515
13874226
13879904
13899995
13906981
13923309
13929042
13925370
13920576
13918394
13921607
13932519
13941617
13954118
13966379
13982656
14001918
14005230
14007002
14013550
14013044
14012742
13965519
13964482
13974778
13898172
13793281
13812552
13822395
13839874
13850080
13855916
13856141
13857485
13870316
13884967
13900319
13907259
13911103
13915075
13924563
13931295
13936279
13941217
13946850
13951295
13955500
13959336
13965859
13968588
13973793
13971250
13969161
13968449
13967074
13972943
13979724
13983227
13985276
13990682
14009092
14015038
14018268
14005804
13999097
13987863
13987627
13980777
13974507
13972270
13973433
13971395
13967602
13964779
13935122
13833928
13865321
13879764
13890489
13892881
13899886
13907226
13920000
13935283
13941985
13940512
13933664
13927640
13937603
13934990
13933521
13928077
13924646
13924134
13924464
13930104
13927430
13927723
13927923
13933727
13941485
13944270
13955448
13957580
13957606
13949932
13940258
13937560
13935478
13940997
13945079
13948086
13968944
13966452
13961826
13960334
13959727
13960176
13960839
13955983
13953520
13945338
13943240
13942321
13939202
13936622
13932225
13937285
13944850
13953215
13966499
13975001
13979082
13985862
13983954
13976040
13969367
13952765
13945009
13943781
13939494
13934800
13931760
13904608
13500146
13815337
13935513
13982684
13978759
13952626
13914274
13816328
13746371
13719620
13677866
13644432
13660697
13678419
13687584
13693162
13697021
13680780
13676045
13626290
13485810
13303499
13290511
13391346
13387668
13403769
13452420
13469088
13469407
13467052
13438634
13459737
13342585
12709794
13655322
12955947
12474353
12110738
11775785
11693187
12246239
12744250
12508353
12886918
13002423
12656238
11841170
11061752
10646011
10474991
10380722
11387055
12888104
12420956
11043910
10497619
10391500
10044067
 9807592
 9530553
 9356215
 9211341
 9101042
 9067482
 9070026
 9077668
 9111966
 9138733
 9200624
 9317055
 9442847
 9576320
 9720573
 9829761
 9835769
 9891578
 9924140
10140067
10038085
10027884
 9985437
 9964300
 9941953
 9955691
10036283
10101580
10095693
10092250
10106545
10127046
10176846
10212700
10272701
10346300
10406753
10494106
10588658
10679503
10765368
10852033
10944472
11031527
11122815
11106105
11125488
11158395
11224922
11321932
11435776
11526436
11589263
11651541
11727034
11772025
11807495
11813135
11804745
11793599
11665009
11154328
10615832
10502810
10593292
10256588
10330889
10446746
10450923
10369631
10371796
10396279
10185383
10500240
10598016
10662769
10987202
10208202
 9577295
 9188520
 8926895
 8742578
 8647229
 8603686
 8598606
 8642906
 8692767
 8758930
 8833208
 8943336
 9074026
 9196442
 9304655
 9436269
 9553708
 9656620
 9763962
 9878522
 9988586
10095532
10203688
10302723
10417047
10527823
10611440
10701881
10808795
10914540
11003841
11087159
11179824
11264890
11350710
11430988
11504121
11540845
11362955
11408456
11372723
11206794
11012865
10822299
10650241
10273446
10266888
10078926
10153551
10033464
 9957287
 9955180
 9946297
 9947486
 9961138
 9972963
10019571
10066329
10113310
10154345
10232755
10323172
10428824
10532085
10644834
10779982
10910504
11051790
11247236
11371663
11477693
11562459
11657504
11744066
11843738
11930679
12015932
12087836
12161058
12218859
12291439
12362336
12417503
12467114
12515972
12566224
12631810
12692393
12747534
12806753
12860612
12917063
13008250
13068217
13100095
13132422
13163579
13188439
13209713
13236722
13254745
13284088
13306917
13332374
13356558
13381440
13408182
13420517
13438208
13450611
13466893
13482057
13502115
13514045
13530850
13555432
13598286
13622320
13629680
13638793
13647352
13653084
13460329
13349388
13194074
13206629
13181039
13178256
13133021
13042444
12844234
12663675
12549660
12569248
12564519
12559636
12626944
12688388
12766331
12855404
12990307
13095844
13160867
13230149
13292971
13351365
13400667
13456362
13509850
13562310
13613722
13659227
13694360
13732332
13762132
13779539
13807544
13845633
13877966
13916846
13948132
13990429
14031877
14073448
14127011
14166353
14181145
14196883
14218462
14236572
14248959
14252914
14261305
14268168
14271268
14276886
14277630
14285627
14282737
14280718
14274676
14269728
14263331
14261081
14262000
14272177
14279505
14290290
14305198
14310014
14298104
14291365
14285972
14272835
14263837
14253252
14244896
14236667
14235300
14230674
14228086
14225201
14222102
14219518
14219786
14216063
14207659
14201401
14206309
14217418
14236523
14240457
14244986
14254180
14252856
14256496
14255801
14238095
14222620
14212692
14206886
14196512
14191898
14190534
14184697
14179966
14180224
14183719
14178081
14180603
14172865
14164773
14162706
14168563
14193530
14221563
14243383
14258999
14265250
14261792
14258090
14239402
14229946
14221294
14218520
14215743
14217998
14220791
14221916
14221926
14222874
14220610
14212979
14215011
14213966
14208397
14208936
14221714
14236837
14245216
14264891
14277284
14274622
14269668
14261435
14240336
14225911
14224992
14226331
14226187
14222145
14216564
14208344
14200470
14191846
14186976
14185844
14189860
14193085
14193924
14209174
14222685
14230447
14234723
14241724
14237589
14235718
14230414
14223787
14208918
14192447
14177946
14117960
13801652
13786677
13898015
13950640
14018110
14052182
14099431
14202758
14348909
14318615
14308474
14265782
14211312
14118281
13936140
13925266
13712223
12998458
12974181
12984728
13337691
12257468
11650174
11348561
10941296
10567484
10749079
10708117
10559080
10161854
10059815
10596367
10978199
11098128
10604774
10105852
 9899121
10678928
10900583
10195561
 9632933
 9541488
 9750257
 9521083
 9241853
 9050229
 8963910
 8927704
 8941904
 8988907
 9050548
 9110167
 9196119
 9279955
 9390003
 9487959
 9611504
 9740984
 9865568
 9976086
10038530
10069295
10054231
10152137
10173783
10080341
10079698
10147734
10232762
10301731
10375428
10464001
10560946
10651896
10744195
10852336
10943641
11021124
11122572
11217644
11295394
11379277
11475107
11561583
11645444
11742145
11827859
11965451
12049278
12112913
12189316
12246201
12301116
12361061
12403733
12449349
12501185
12558247
12588732
12624415
12665785
12703768
12745165
12794483
12840306
12877756
12911417
12947721
12963844
12989421
13014601
13074324
13113571
13144057
13168587
13190738
13211479
13230888
13247573
13262096
13285371
13303320
13318607
13332803
13345566
13359015
13375393
13391262
13401181
13421878
13448316
13473157
13490867
13505574
13508564
13528776
13509526
13258206
12388237
12286484
12449022
12067350
11496291
11490236
11368934
11238479
11259092
11267611
11084284
11121930
11276525
11442556
11677970
11601192
11593860
11655017
11662076
11619083
11645009
11691491
11689273
11679590
11678391
11689168
11697512
11660444
11091360
11366416
11420610
11317558
11075661
10837883
10707895
10658032
10663704
10699441
10713631
10803984
10640531
10230844
10349585
10265004
10111613
10041194
10133750
10109849
10082245
10073483
10071473
10087379
10137995
10203199
10266070
10361793
10450354
10547985
10637582
10727453
10819730
10909533
11009734
11133409
11243701
11367008
11499899
11647333
11797162
12017660
12161077
12253855
12323034
12378858
12437386
12485719
12548738
12612136
12655641
12700878
12759382
12817920
12861096
12889336
12925436
12956784
12986927
13021988
13052865
13098560
13138320
13189825
13240264
13330589
13390704
13412798
13432837
13440780
13455725
13474582
13495456
13511477
13522083
13602093
13680257
13752747
13802752
13847902
13882447
13921747
13951093
13986012
14100216
14197393
14234570
14308299
14367582
14399316
14410141
14407598
14303593
13397167
13253602
12938231
12644715
12454729
12500337
12466990
12440842
12432508
12404480
12384316
12349813
12319995
12376522
12445034
12298543
12163232
12155602
12259266
12397489
12525655
12583977
12649785
12573978
12418683
12397753
12240141
12123511
11894798
11971972
11846093
11586149
11411135
11248169
11126819
11161253
11035632
11098613
11367028
11413319
11472389
11358893
11445207
11489523
11482350
11550366
11550334
11559911
11608423
11678201
11707106
11727915
11733044
11763829
11807453
11860738
11927321
11990588
12077685
12147220
12232866
12319712
12403025
12769288
13117987
13500160
13753345
13918038
14045145
14097518
14110487
14109953
14105356
14099909
14089247
14090647
14097481
14084093
14109301
14111666
14129470
14131361
14133385
14131816
14145871
14158599
14175378
14316655
14434861
14541865
14604243
14625181
14656075
14670834
14656278
14636242
14636897
14633115
14619547
14608064
14604884
14601244
14597756
14590657
14575807
14568241
14564394
14551659
14549350
14546268
14539917
14567787
14578251
14547366
14498836
14469366
14443931
14440927
14444349
14433422
14435022
14427759
14423379
14416522
14408382
14408716
14396840
14389842
14379189
14370559
14360070
14355354
14349666
14346139
14339395
14308978
14264000
14218946
14188614
14168615
14167241
14183134
14196749
14205827
14225777
14235607
14235636
14230555
14224788
14216433
14210500
14200145
14197817
14189485
14182822
14173387
14167264
14155741
14145070
14146381
14095678
14033248
13996788
13970903
13970797
13989697
13999873
14013524
14026659
14032323
14038937
14041961
14040762
14036582
14033132
14036080
14039089
14041429
14036590
14031367
14037370
14041110
14034542
14018131
14127357
14290625
14423453
14516446
14716915
14935589
14938569
14921089
14881372
14805489
14741872
14693157
14653542
14631727
14603072
14585539
14566519
14551779
14545274
14532454
14520378
14504334
14483692
14467519
14424846
14366886
14310923
14278471
14245669
14235163
14230193
14228243
14221512
14218635
14208885
14202388
14200270
14193189
14186406
14180078
14166105
14152657
14250555
14315862
14419822
14494139
14579373
14626710
14695783
14701510
14653208
14605933
14554948
14531166
14529229
14528138
14526747
14537383
14521092
14498156
14472305
14458009
14441368
14433192
14419929
14403124
14385447
14373654
14354463
14328419
14315558
14256951
14201617
14136158
14062468
14010123
13974473
13950805
13951586
13948386
13945536
13948879
13944063
13939748
13930372
13932710
13930055
13922723
13910934
13900496
13889884
13871727
13852673
13819618
13783020
13697752
13631703
13560543
13501330
13463743
13432689
13431830
13439624
13441009
13445337
13440901
13433227
13430541
13430598
13430897
13420463
13417316
13409121
13402947
13397252
13395667
13395245
13396384
13389653
13315205
13251523
13183339
13124478
13082898
13053065
13048298
13061899
13068296
13068900
13070884
13075940
13075830
13077044
13075084
13071816
13066050
13065040
13063326
13062684
13058538
13057190
13052059
13038592
12988344
12930072
12874681
12829651
12787031
12776899
12776536
12791070
12798312
12808259
12814635
12818504
12821610
12820771
12821303
12819674
12820358
12821089
12818602
12816659
12817080
12806009
12796538
12785531
12716095
12669750
12621016
12601269
12593571
12588156
12591986
12603861
12614027
12614419
12617011
12622366
12626051
12629341
12629025
12631986
12635341
12635166
12635407
12634753
12635267
12633696
12627337
12622723
12562207
12523332
12488337
12472021
12460823
12454101
12460656
12466950
12471314
12474457
12471163
12478391
12474297
12478053
12472774
12471663
12465309
12465068
12463132
12461050
12459370
12455381
12449070
12449133
12422605
12396168
12368452
12353490
12341234
12329919
12336846
12339425
12343236
12343433
12341576
12343075
12342925
12340091
12338946
12333697
12330166
12326525
12327789
12318989
12319103
12313799
12303329
12300702
12278741
12260975
12247203
12232179
12218382
12223404
12221037
12221724
12219068
12217375
12219569
12217777
12216990
12218548
12219819
12218375
12218115
12214899
12244093
12261729
12255559
12258199
12273951
12271787
12238602
12234039
12206753
12194208
12195883
12192625
12185059
12183254
12186242
12185351
12184212
12184185
12181354
12176399
12173543
12168502
12166294
12170093
12178101
12180952
12230823
12256027
12267860
12434987
12526125
12478530
12465790
12518021
12681261
12693359
12698296
12663980
12681940
12643621
12566814
12502228
12460052
12423157
12393174
12375227
12354688
12333986
12317940
12301859
12289506
12275321
12269406
12258802
12262977
12296715
12313999
12299908
12287218
12271922
12265972
12247118
12236327
12227688
12223273
12211760
12202680
12193633
12183362
12170413
12157578
12145677
12131158
12119047
12106862
12092596
12082676
12077215
12068955
12042559
12022665
12019069
12017467
12013268
12003586
12002401
11992964
11987164
11981634
11978537
11971856
11966951
11961010
11958822
11954260
11948488
11939524
11934340
11929387
11923360
11917667
11911047
11909940
11889538
11874720
11865285
11856083
11845705
11846295
11845211
11845678
11845840
11840171
11838703
11835597
11830476
11826924
11824253
11822124
11817599
11806911
11806670
11807054
11799720
11795584
11790025
11767949
11751441
11743581
11730692
11723867
11716984
11718297
11719100
11720795
11720369
11717250
11713852
11708946
11707361
11701116
11700044
11696839
11689627
11688344
11714479
11709149
11700635
11694145
11686480
11673289
11652259
11636031
11620435
11613919
11612921
11613575
11617681
11612775
11617088
11624686
11627318
11643692
11811516
12067455
12301967
12413507
12393178
12359066
12287855
12199470
12113658
12048312
11995078
11946584
11888154
11847235
11817001
11789238
11772372
11763208
11786032
11822471
11861645
11855873
11838966
11823783
11811285
11800423
11783275
11770614
11763984
11754374
11746716
11736745
11727617
11713833
11701205
11691163
11668027
11647686
11623417
11607298
11600346
11598099
11596076
11595866
11598638
11596373
11595975
11591611
11588357
11579063
11575511
11572074
11567542
11562412
11560194
11556559
11546799
11541529
11546292
11641138
11724795
11825463
11834464
11783942
11744562
11713542
11686891
11667732
11650129
11633632
11622897
11612926
11600819
11588096
11579749
11574213
11568126
11559899
11551911
11544526
11532392
11522962
11516371
11527786
11550927
11562834
11571767
11601796
11595507
11572300
11542860
11520902
11505270
11492416
11479933
11472843
11462523
11454632
11445292
11438814
11434932
11432005
11427296
11423654
11418351
11415783
11408918
11396307
11429910
11596969
11822654
12339118
12671087
12701971
12673186
12601681
12538947
12473447
12379901
12283122
12202700
12141130
12104700
12089584
12068916
12031650
12003043
11983838
11970186
11958864
11939771
11877638
11796101
11726879
11657500
11600932
11555686
11534766
11537591
11534307
11531172
11530889
11526322
11520534
11513837
11504770
11499279
11492482
11488523
11478616
11474528
11471607
11463544
11450643
11440411
11436770
11393383
11352072
11309902
11282937
11262885
11257895
11266720
11272709
11279951
11278735
11277503
11274014
11267973
11269094
11263679
11261893
11260042
11250536
11249463
11250429
11250415
11243611
11236638
11238695
11206023
11175845
11149814
11136874
11128672
11125938
11127546
11128507
11129914
11129908
11130773
11124013
11119115
11116105
11113218
11113313
11111357
11112214
11112684
11113361
11107936
11104191
11099118
11095159
11070766
11050912
11032594
11023751
11016389
11020062
11020686
11025791
11026275
11029013
11029198
11021166
11022265
11016357
11011222
11008912
11009062
11009136
11008863
11010641
11009984
11007881
11002458
10993441
10975286
10970592
10967541
10964136
10960211
10953310
10954429
10949376
10949332
10943187
10942615
10946268
10942373
10934590
10927634
10922349
10916761
10913288
10909595
10910625
10910773
10911113
10909396
10904686
10885733
10871099
10858595
10848272
10844583
10843206
10850019
10847417
10844664
10843378
10848265
10848654
10848415
10842035
10837680
10837199
10836311
10835326
10832743
10827180
10824083
10824037
10822994
10817961
10799506
10789209
10785396
10779567
10773775
10772169
10773260
10779643
10777281
10774558
10773245
10777598
10776235
10774546
10771729
10765841
10764662
10763322
10762760
10765051
10758493
10755786
10753235
10745333
10735601
10727660
10719528
10717981
10717763
10717330
10720714
10723279
10722320
10723751
10722772
10722790
10722831
10719835
10713860
10713875
10716394
10715336
10718463
10712683
10711285
10707862
10705966
10697262
10689026
10682925
10672681
10666220
10666164
10670714
10669627
10671743
10677248
10678388
10680453
10677322
10676281
10671581
10673315
10670524
10669971
10664949
10663904
10663148
10661930
10657405
10658642
10653060
10649502
10640189
10628131
10623871
10623553
10626242
10630566
10633153
10635086
10634885
10634765
10634121
10634328
10628371
10628670
10628088
10627485
10628017
10627872
10626964
10623155
10621507
10619976
10615281
10618787
10606551
10594812
10596444
10647507
10679606
10675041
10668181
10662731
10660196
10657856
10654508
10651032
10649831
10642854
10633298
10631032
10630082
10626996
10623724
10620639
10617983
10613979
10615772
10613626
10603242
10596287
10594387
10591081
10586924
10583337
10586766
10586254
10584997
10583242
10582657
10582534
10582972
10579005
10578661
10575647
10576311
10574561
10571126
10567790
10566041
10567891
10567413
10550491
10536081
10525016
10518557
10518142
10520036
10523256
10526982
10526848
10526927
10526085
10525928
10527982
10524766
10526553
10524021
10520430
10522592
10522132
10520490
10519811
10519025
10517155
10514681
10499995
10487064
10479656
10470331
10469775
10472495
10475624
10481174
10484447
10486235
10483939
10481290
10480267
10476071
10475413
10477058
10473791
10480292
10502923
10529927
10553124
10601044
10631913
10624936
10593559
10554102
10525544
10501859
10491001
10486681
10488983
10488985
10488915
10485958
10484999
10483879
10483012
10477624
10477835
10479689
10478779
10482704
10482313
10481735
10480465
10474620
10474515
10470749
10449380
10436839
10424136
10412357
10410824
10406907
10410738
10414115
10416294
10414124
10415339
10412847
10410987
10410354
10406155
10406473
10404817
10407242
10409771
10408297
10405730
10405603
10406464
10406257
10388632
10384368
10377421
10368819
10368573
10371672
10374665
10376465
10378321
10381184
10379133
10380325
10376054
10374557
10374817
10370582
10369536
10369214
10365533
10366879
10365439
10363342
10363255
10364137
10352350
10343193
10343586
10341104
10339004
10344340
10344699
10347251
10351752
10352956
10353772
10353150
10351943
10355033
10351770
10349761
10345653
10344937
10342575
10342388
10339755
10335822
10333794
10333673
10329983
10320304
10314132
10314242
10308676
10310679
10315789
10318215
10320221
10323891
10320783
10322591
10321971
10321949
10322099
10320576
10319782
10315327
10315165
10317626
10315371
10314943
10314352
10313235
10303322
10289229
10282011
10274829
10273816
10273850
10279795
10282581
10283678
10288634
10286603
10285382
10287034
10286138
10286607
10289593
10288915
10289544
10289369
10288739
10286961
10284899
10282782
10281492
10269380
10259930
10251683
10250075
10248864
10250186
10255695
10260295
10256331
10260621
10261953
10261934
10262752
10263677
10261419
10260464
10263552
10260987
10259284
10257217
10256233
10255581
10256489
10255595
10240022
10232300
10225144
10220630
10222655
10225877
10230592
10230719
10231156
10232323
10233002
10234171
10234385
10236770
10248945
10262484
10274465
10266885
10266742
10298434
10337269
10533879
10772379
10897148
11105206
11498381
11757366
11867673
11949911
12073959
12287969
12347674
12507003
12528959
12561809
12638627
12702133
12731812
12622211
12570866
12544246
12531906
12529474
12641597
12591114
12540470
12421215
12316645
12249016
12150002
12067280
11929548
11830757
11722993
11642550
11589539
11547192
11512202
11482553
11461822
11442357
11424609
11411476
11396674
11379789
11368108
11354897
11342994
11321504
11294689
11269293
11240213
11191189
11139105
11090918
11050477
11024585
11030148
11054803
11078933
11083511
11081087
11079065
11084533
11108729
11156861
11157211
11147238
11133554
11131281
11130322
11135398
11234044
11393903
11529524
11734435
11964941
12166100
12073792
12103899
12079514
11970479
11848744
11754604
11775091
11935973
11965560
11844820
11770900
11753644
11745329
11734399
11716346
11699980
11691952
11683872
11675026
11659773
11643321
11695907
11710631
11696739
11657452
11602152
11554246
11524360
11516241
11514535
11516867
11512805
11510431
11502312
11497752
11493491
11489255
11480360
11473116
11463960
11457220
11450317
11441455
11429536
11415047
11397570
11349030
11287504
11226027
11148433
11087859
11057461
11063377
11065649
11068649
11070432
11072851
11073658
11071530
11065331
11064249
11061999
11057645
11055557
11055495
11049165
11042606
11034669
11023813
11009258
10947841
10895312
10825883
10763861
10715194
10693839
10690831
10695656
10697155
10701531
10702939
10703370
10701622
10699431
10696346
10695878
10692938
10689915
10689291
10688600
10684330
10681949
10677105
10674532
10624181
10588305
10543526
10505759
10487027
10474094
10478360
10481030
10484086
10488794
10486418
10487123
10487049
10487355
10485988
10485064
10484640
10482380
10479629
10478524
10470150
10468930
10460813
10451695
10414984
10382003
10361479
10339174
10327537
10326116
10328848
10336015
10340329
10344700
10345255
10347856
10345404
10343788
10347451
10349306
10349460
10352001
10353231
10352644
10348144
10344260
10338992
10330398
10288362
10259572
10241685
10224960
10217823
10219916
10224713
10234644
10236711
10241592
10244505
10244215
10242217
10242354
10237659
10237388
10237905
10238791
10240160
10241928
10240621
10238435
10241064
10240458
10207480
10199458
10187569
10184290
10180564
10179492
10184665
10192479
10198579
10201494
10205743
10204855
10201132
10199301
10199380
10197524
10196804
10195806
10193241
10194655
10191427
10191506
10190696
10188892
10174492
10168463
10159594
10153661
10146369
10142469
10145200
10148462
10153968
10155117
10158484
10160643
10161633
10162557
10160740
10162398
10160613
10159309
10160599
10156906
10156185
10153758
10151767
10152188
10137281
10125502
10114980
10112195
10109972
10110331
10112846
10118585
10119691
10116907
10120678
10121793
10122501
10123622
10122823
10126781
10124448
10123053
10120424
10119633
10117948
10117133
10118240
10119156
10112442
10110578
10120450
10124120
10127610
10125482
10126067
10128840
10128156
10129211
10124261
10122973
10117271
10116528
10114232
10112716
10109182
10108206
10106922
10106674
10105624
10104581
10104352
10102892
10089404
10084972
10095370
10109244
10105841
10100310
10102410
10099106
10097631
10099511
10100142
10096674
10098452
10096643
10093211
10089957
10087303
10085744
10084652
10085079
10081899
10080919
10078590
10076011
10067712
10058887
10053572
10045497
10048164
10053130
10055055
10057708
10057335
10060047
10059649
10062545
10061819
10063835
10063687
10059786
10061812
10061740
10060890
10061914
10060645
10059603
10057210
10056025
10054905
10051909
10044903
10044979
10042019
10042274
10042599
10044386
10049500
10053562
10056393
10056583
10054346
10051351
10051085
10048619
10047545
10046777
10045686
10045557
10044413
10044640
10043367
10040879
10032117
10021198
10014178
10011992
10007782
10008005
10012299
10013214
10015364
10015648
10020155
10020227
10020868
10017886
10018230
10017331
10013648
10015256
10015083
10013598
10014171
10014490
10014821
10010755
10001697
 9991558
 9982212
 9978435
 9974840
 9980068
 9982632
 9986226
 9988726
 9992485
 9995312
 9994293
 9994518
 9996256
 9996087
 9992351
 9988744
 9989906
 9990385
 9990455
 9988621
 9986713
 9984917
 9985513
 9981307
 9971846
 9972013
 9967487
 9961822
 9963030
 9966633
 9969255
 9971840
 9972481
 9973522
 9971089
 9972059
 9971180
 9970393
 9972547
 9971499
 9970254
 9970947
 9971748
 9971385
 9970457
 9969869
 9967559
 9963300
 9954016
 9950647
 9943816
 9942019
 9943017
 9950428
 9954087
 9954087
 9957985
 9959244
 9953644
 9953713
 9953801
 9951219
 9953238
 9953052
 9952031
 9951548
 9953975
 9953509
 9955486
 9955007
 9956479
 9947769
 9942814
 9934142
 9933732
 9930613
 9931695
 9935729
 9938081
 9939930
 9941501
 9942497
 9946928
 9946676
 9948588
 9950476
 9947337
 9945892
 9945070
 9946241
 9944818
 9943056
 9941906
 9943986
 9945431
 9940988
 9929967
 9931645
 9929205
 9922099
 9922042
 9926999
 9932066
 9935598
 9934767
 9933252
 9935886
 9934401
 9934371
 9935491
 9934776
 9936280
 9931692
 9929835
 9929493
 9929264
 9927025
 9927274
 9927649
 9928740
 9918229
 9919155
 9916166
 9910475
 9908649
 9911510
 9913200
 9913913
 9917608
 9921282
 9922440
 9918243
 9915347
 9914979
 9915585
 9915641
 9914566
 9913019
 9910521
 9911657
 9911096
 9906235
 9905244
 9901159
 9897643
 9893846
 9885855
 9887699
 9889060
 9894384
 9896315
 9894743
 9898220
 9898421
 9896585
 9895691
 9896702
 9894321
 9895259
 9897167
 9895608
 9896400
 9895411
 9893493
 9893836
 9891621
 9890595
 9883338
 9874123
 9872623
 9872433
 9872487
 9874062
 9878348
 9879588
 9881115
 9878832
 9880947
 9877201
 9872611
 9874174
 9874113
 9873976
 9877280
 9879001
 9879886
 9878661
 9878196
 9875825
 9873082
 9872516
 9870829
 9862049
 9852844
 9856545
 9853217
 9860224
 9863729
 9863131
 9862220
 9863285
 9864089
 9865542
 9863770
 9863822
 9863878
 9862596
 9863271
 9865263
 9861588
 9862158
 9861997
 9860463
 9861055
 9859035
 9848378
 9845869
 9847545
 9839026
 9838956
 9845189
 9848478
 9846886
 9849887
 9853271
 9851679
 9852086
 9850806
 9850179
 9852178
 9849947
 9849532
 9850581
 9850170
 9851671
 9849878
 9849948
 9849036
 9849257
 9849617
 9840100
 9840413
 9830735
 9830334
 9834140
 9835169
 9839697
 9840111
 9841295
 9842961
 9837939
 9840456
 9839780
 9840844
 9838994
 9836873
 9838558
 9837444
 9837280
 9836635
 9834194
 9834651
 9832274
 9835895
 9830947
 9826638
 9823107
 9819724
 9824459
 9824170
 9827137
 9827736
 9833008
 9831571
 9831896
 9829006
 9828711
 9830654
 9829632
 9830897
 9827972
 9825665
 9823365
 9821253
 9820780
 9820489
 9819696
 9823412
 9818850
 9812041
 9807085
 9808025
 9807611
 9811510
 9815177
 9815854
 9816476
 9816903
 9819211
 9817851
 9814293
 9812418
 9813128
 9813327
 9817997
 9821527
 9821566
 9820465
 9818306
 9819612
 9816405
 9814566
 9811667
 9809514
 9803759
 9801542
 9801113
 9803125
 9807576
 9805857
 9811409
 9812719
 9815032
 9815838
 9816380
 9815239
 9816723
 9818376
 9817847
 9813803
 9814520
 9815369
 9814417
 9813743
 9813876
 9807370
 9801858
 9794658
 9788741
 9784394
 9786213
 9787725
 9790256
 9794618
 9792212
 9797339
 9796953
 9800835
 9800147
 9800204
 9798910
 9800103
 9800067
 9801758
 9799327
 9801218
 9802140
 9802020
 9801824
 9794576
 9784243
 9778813
 9778149
 9773889
 9773253
 9777972
 9779195
 9779634
 9783524
 9785345
 9783145
 9782893
 9784168
 9785081
 9785297
 9784919
 9786861
 9790218
 9787957
 9788162
 9788933
 9787352
 9787692
 9776714
 9768010
 9761433
 9758025
 9754406
 9755685
 9760782
 9764378
 9766425
 9771156
 9772160
 9772515
 9770458
 9772966
 9774137
 9771744
 9774143
 9774363
 9773991
 9776056
 9776024
 9775844
 9776636
 9777236
 9766900
 9754987
 9751325
 9747799
 9743831
 9746244
 9748517
 9754332
 9756790
 9758099
 9761074
 9760660
 9762575
 9762208
 9762494
 9760957
 9761476
 9763757
 9762754
 9763573
 9762505
 9761401
 9761828
 9762662
 9753641
 9742841
 9738209
 9739496
 9737674
 9738314
 9742114
 9745465
 9748838
 9750320
 9751169
 9751808
 9751648
 9753137
 9752688
 9751308
 9751385
 9751958
 9752484
 9752025
 9753393
 9753955
 9754825
 9752924
 9747722
 9741075
 9740268
 9737475
 9729276
 9731595
 9732516
 9735017
 9740448
 9740918
 9741304
 9745136
 9744667
 9742979
 9740479
 9740457
 9736514
 9737436
 9737154
 9736259
 9734810
 9737326
 9739749
 9740406
 9734108
 9732773
 9727808
 9724519
 9717053
 9717434
 9719943
 9723533
 9727506
 9729803
 9729224
 9731585
 9730181
 9731013
 9730964
 9734398
 9728493
 9729356
 9730155
 9727051
 9727301
 9727349
 9727243
 9726890
 9723960
 9715655
 9714697
 9707853
 9703808
 9708167
 9710625
 9712097
 9713443
 9714824
 9716037
 9718948
 9717428
 9717708
 9720642
 9721293
 9721770
 9722790
 9721188
 9718126
 9716865
 9715189
 9714392
 9712571
 9710392
 9701360
 9694378
 9691564
 9691027
 9693266
 9695172
 9695809
 9699260
 9701015
 9699638
 9701672
 9700893
 9700322
 9703868
 9702615
 9704521
 9705601
 9703009
 9703226
 9700006
 9700624
 9701192
 9702087
 9702863
 9699664
 9690480
 9689953
 9682345
 9679703
 9684303
 9686242
 9688104
 9688610
 9690759
 9690902
 9693636
 9694322
 9695597
 9696682
 9696573
 9694036
 9693609
 9693635
 9690853
 9691401
 9692677
 9693902
 9689437
 9684616
 9679082
 9676503
 9672668
 9672457
 9674402
 9679998
 9679781
 9678879
 9679055
 9679734
 9682407
 9685991
 9685445
 9686580
 9685409
 9686441
 9684153
 9682918
 9683232
 9680644
 9682081
 9682468
 9682286
 9674477
 9673921
 9665297
 9658066
 9659934
 9660607
 9665870
 9668371
 9667871
 9670247
 9668873
 9668638
 9671988
 9673600
 9673920
 9671502
 9672153
 9673321
 9673589
 9674425
 9672558
 9670409
 9673158
 9668442
 9663952
 9660796
 9653069
 9646189
 9646935
 9649824
 9654702
 9657086
 9660246
 9658517
 9657862
 9656813
 9659572
 9661077
 9664363
 9665691
 9665710
 9665599
 9667877
 9667098
 9668731
 9667256
 9668283
 9657127
 9650270
 9646142
 9642501
 9642572
 9646444
 9649625
 9652178
 9656746
 9654788
 9657469
 9659295
 9658960
 9659714
 9661483
 9661801
 9660881
 9663818
 9664486
 9663470
 9662461
 9664024
 9662221
 9661177
 9651531
 9644448
 9640918
 9636452
 9637259
 9641231
 9641964
 9644728
 9647813
 9647462
 9648029
 9649885
 9650447
 9650817
 9651238
 9649819
 9646609
 9648205
 9650095
 9651255
 9650052
 9649521
 9649569
 9654396
 9649172
 9637927
 9632838
 9631857
 9638164
 9638309
 9641360
 9641990
 9641863
 9641862
 9641457
 9643455
 9642369
 9643843
 9646300
 9645592
 9645788
 9644258
 9642150
 9643806
 9643965
 9643948
 9647175
 9648779
 9643475
 9640871
 9640230
 9642540
 9646025
 9648602
 9652345
 9652050
 9653318
 9654493
 9653561
 9652839
 9650782
 9652110
 9652770
 9652064
 9652216
 9651791
 9651429
 9649430
 9650750
 9648446
 9649931
 9650286
 9656124
 9648922
 9645406
 9639344
 9637407
 9637225
 9637758
 9640485
 9639365
 9639985
 9641795
 9639388
 9637786
 9639588
 9638397
 9638253
 9637951
 9639030
 9636864
 9636527
 9636763
 9637214
 9636744
 9637225
 9632571
 9624792
 9620580
 9621379
 9617855
 9616504
 9620148
 9624662
 9627211
 9627591
 9626642
 9630113
 9629567
 9631801
 9632703
 9630957
 9632789
 9628803
 9628483
 9626892
 9624161
 9623121
 9623204
 9623310
 9621415
 9623030
 9625145
 9618018
 9614725
 9614187
 9626184
 9625154
 9626326
 9627099
 9626885
 9627744
 9626915
 9627230
 9627174
 9627850
 9630514
 9629492
 9628332
 9626742
 9627236
 9624330
 9622944
 9619926
 9627995
 9638140
 9631633
 9622691
 9614489
 9615415
 9619752
 9620626
 9621374
 9624211
 9623197
 9624963
 9623678
 9625005
 9624898
 9623953
 9623357
 9624157
 9624930
 9623442
 9623470
 9623747
 9623782
 9621061
 9624731
 9622249
 9621902
 9614975
 9608445
 9606987
 9608511
 9610165
 9611520
 9613926
 9613611
 9614499
 9614742
 9616771
 9613661
 9614553
 9614455
 9616699
 9616537
 9616585
 9618872
 9616921
 9616876
 9617925
 9613639
 9610748
 9607699
 9600966
 9596046
 9596657
 9598572
 9599899
 9603403
 9604090
 9604832
 9604243
 9607354
 9607006
 9606920
 9606740
 9607843
 9607983
 9610455
 9610836
 9610844
 9613099
 9611661
 9613393
 9601220
 9594206
 9585349
 9579041
 9580855
 9581123
 9588120
 9589411
 9590984
 9591340
 9590386
 9593160
 9594954
 9597582
 9599739
 9599860
 9598056
 9598544
 9601225
 9598956
 9599291
 9598898
 9596799
 9597505
 9584746
 9572414
 9571396
 9570018
 9572744
 9574523
 9581280
 9584219
 9586688
 9588633
 9587158
 9587834
 9590343
 9589712
 9591916
 9592164
 9594591
 9592968
 9592339
 9596450
 9597577
 9597588
 9597290
 9600130
 9587127
 9577637
 9576920
 9573302
 9573139
 9577540
 9579328
 9584728
 9589411
 9589019
 9588990
 9587685
 9588094
 9588514
 9589044
 9589233
 9588196
 9589014
 9589685
 9590118
 9590468
 9590110
 9590711
 9590964
 9585234
 9580011
 9576976
 9573483
 9570596
 9573676
 9578519
 9579712
 9583479
 9584866
 9586089
 9584781
 9584754
 9587425
 9588226
 9587994
 9589250
 9587472
 9588859
 9588194
 9587908
 9589635
 9591934
 9589139
 9579556
 9576781
 9571654
 9571463
 9568182
 9570168
 9573942
 9580281
 9580264
 9580511
 9584257
 9583665
 9585533
 9588353
 9589392
 9587755
 9585147
 9585503
 9588193
 9589796
 9589757
 9589051
 9587328
 9594903
 9586965
 9584788
 9577534
 9573465
 9568683
 9569306
 9575125
 9576655
 9580808
 9582580
 9586216
 9585962
 9587077
 9586913
 9586671
 9588035
 9591138
 9588244
 9586622
 9586233
 9584702
 9586039
 9587201
 9586783
 9581675
 9577837
 9571385
 9571694
 9566021
 9566588
 9570450
 9575064
 9577352
 9580544
 9581079
 9580158
 9583073
 9583841
 9584743
 9585838
 9584298
 9582620
 9582855
 9581228
 9581017
 9580173
 9579799
 9577479
 9570922
 9567673
 9564286
 9557323
 9552766
 9555574
 9561200
 9566361
 9569299
 9571888
 9572128
 9573299
 9575906
 9580875
 9581396
 9580411
 9582118
 9581957
 9580250
 9578591
 9576470
 9575247
 9575275
 9574940
 9575575
 9568847
 9564820
 9557299
 9555009
 9557484
 9562270
 9565213
 9567775
 9570932
 9572061
 9572720
 9573186
 9576865
 9577567
 9576610
 9572346
 9571471
 9574599
 9572544
 9571818
 9570321
 9569840
 9571499
 9572518
 9568735
 9564120
 9555632
 9548542
 9548127
 9553046
 9557902
 9560964
 9561993
 9564991
 9565286
 9566043
 9567766
 9569584
 9570530
 9569020
 9571211
 9571234
 9570958
 9570879
 9569953
 9569299
 9567643
 9559862
 9552778
 9545389
 9537964
 9541000
 9545462
 9548284
 9552970
 9554049
 9554967
 9555035
 9557964
 9559361
 9564173
 9565282
 9563942
 9563688
 9564173
 9563680
 9563912
 9563549
 9560869
 9562459
 9560636
 9556987
 9550169
 9547043
 9540402
 9539606
 9540534
 9545511
 9546336
 9549902
 9550822
 9550784
 9549115
 9550616
 9552648
 9550732
 9550625
 9553640
 9554875
 9556535
 9556083
 9554983
 9555168
 9554611
 9555822
 9546671
 9541959
 9534786
 9526916
 9526311
 9530495
 9531638
 9536087
 9539534
 9544266
 9545886
 9543996
 9544243
 9542206
 9543655
 9546783
 9549647
 9551875
 9553745
 9551768
 9551985
 9549538
 9549326
 9548577
 9548469
 9546476
 9543042
 9536905
 9530320
 9532702
 9534205
 9536610
 9541525
 9545046
 9545113
 9543795
 9540126
 9539759
 9541145
 9543960
 9546904
 9547522
 9548091
 9547854
 9548911
 9548697
 9546922
 9545172
 9547232
 9543210
 9542350
 9537894
 9542718
 9543254
 9543494
 9544644
 9545655
 9546649
 9548089
 9548170
 9548798
 9544787
 9545005
 9546493
 9546862
 9547872
 9546570
 9545451
 9543149
 9544393
 9545819
 9549213
 9545561
 9544757
 9536350
 9532715
 9530325
 9531115
 9534622
 9536734
 9537817
 9537120
 9539293
 9541235
 9539225
 9538484
 9540139
 9539931
 9541882
 9538612
 9538235
 9537655
 9536777
 9537946
 9535341
 9548626
 9550617
 9549379
 9538602
 9533192
 9530631
 9532451
 9533680
 9538474
 9538225
 9541212
 9541319
 9542917
 9542529
 9544238
 9543750
 9546179
 9543699
 9544273
 9543188
 9541617
 9541205
 9541710
 9543084
 9555389
 9547621
 9539932
 9530767
 9525642
 9523161
 9525337
 9527722
 9532455
 9536000
 9533497
 9535791
 9539152
 9537249
 9539242
 9532112
 9529865
 9530533
 9529152
 9530323
 9527580
 9526679
 9526544
 9527423
 9530190
 9527012
 9518241
 9509319
 9504667
 9502875
 9506394
 9510234
 9515037
 9516671
 9517862
 9521784
 9524028
 9525687
 9526781
 9520886
 9522106
 9522611
 9523172
 9525848
 9539075
 9533666
 9531522
 9530653
 9538010
 9528484
 9530454
 9519487
 9513005
 9511761
 9514837
 9515024
 9518189
 9521199
 9519725
 9520976
 9523079
 9523518
 9525338
 9528226
 9527710
 9527513
 9525119
 9525312
 9525733
 9525410
 9526615
 9528724
 9532399
 9547783
 9535994
 9528331
 9525382
 9526937
 9528462
 9523097
 9522845
 9524741
 9526223
 9524785
 9527341
 9528692
 9525021
 9524661
 9527564
 9528483
 9529243
 9527427
 9528064
 9525574
 9527368
 9527600
 9521429
 9510428
 9502831
 9501723
 9500641
 9500632
 9503409
 9502971
 9504313
 9505297
 9505492
 9508089
 9511840
 9514169
 9513665
 9511812
 9511076
 9509269
 9509824
 9508285
 9507006
 9509743
 9511920
 9514589
 9514850
 9505625
 9505186
 9501633
 9495563
 9497301
 9498336
 9498888
 9500693
 9502047
 9502496
 9502720
 9506930
 9505736
 9506707
 9508555
 9504017
 9504590
 9503182
 9502322
 9500316
 9501880
 9504420
 9505408
 9503612
 9501380
 9499689
 9497820
 9494169
 9492105
 9494389
 9492680
 9496942
 9496134
 9496460
 9496814
 9496685
 9496420
 9500014
 9500754
 9498532
 9500225
 9501819
 9499697
 9497662
 9497179
 9498939
 9499619
 9503741
 9496916
 9492622
 9488635
 9483871
 9480324
 9482901
 9484961
 9489590
 9493094
 9495206
 9495047
 9490503
 9491704
 9492181
 9493197
 9493802
 9496308
 9494524
 9493526
 9495389
 9494914
 9496472
 9499248
 9502397
 9498844
 9492491
 9487922
 9482465
 9485995
 9483981
 9487477
 9491179
 9494319
 9496581
 9497790
 9495824
 9495448
 9493942
 9495514
 9498604
 9496879
 9497497
 9498390
 9498999
 9496117
 9497030
 9499229
 9500166
 9498294
 9496321
 9489647
 9486255
 9481095
 9482291
 9485131
 9488942
 9492196
 9493782
 9495908
 9496256
 9493758
 9493388
 9492388
 9493747
 9494407
 9494592
 9496265
 9495423
 9496403
 9496724
 9493510
 9493054
 9485115
 9477748
 9473138
 9468209
 9469529
 9474676
 9476316
 9478762
 9482572
 9485295
 9487760
 9489947
 9489007
 9487770
 9485186
 9487006
 9489419
 9489215
 9488056
 9489370
 9491746
 9493864
 9494671
 9488429
 9486671
 9484332
 9478228
 9471799
 9468715
 9469586
 9475188
 9479480
 9480507
 9483602
 9485711
 9485207
 9484917
 9485669
 9483763
 9483599
 9483495
 9484104
 9484992
 9485572
 9487109
 9488121
 9488917
 9489381
 9484269
 9478541
 9472769
 9465630
 9461814
 9460572
 9465196
 9468860
 9473321
 9475822
 9478468
 9477347
 9477487
 9477419
 9478560
 9479601
 9481522
 9482080
 9482922
 9479637
 9481634
 9481969
 9481851
 9487333
 9480482
 9476304
 9469847
 9462464
 9462614
 9462185
 9464568
 9468316
 9471177
 9472151
 9476872
 9476848
 9477671
 9476377
 9479286
 9480073
 9478867
 9479205
 9480291
 9480940
 9478447
 9479222
 9480708
 9477572
 9471820
 9463844
 9457885
 9453137
 9454061
 9455131
 9456797
 9459816
 9463837
 9465019
 9468301
 9472155
 9472515
 9472724
 9470925
 9473596
 9475553
 9474784
 9475210
 9475735
 9476692
 9477419
 9478837
 9476088
 9475330
 9471813
 9463179
 9463812
 9460323
 9463579
 9467638
 9469149
 9470760
 9472376
 9487946
 9486732
 9487333
 9487652
 9486024
 9485225
 9483801
 9485120
 9484477
 9485048
 9485895
 9485589
 9486419
 9483527
 9480185
 9496474
 9508943
 9506361
 9513970
 9508903
 9506405
 9511781
 9576670
 9554789
 9542724
 9539371
 9538754
 9535075
 9529531
 9528693
 9523820
 9520617
 9518736
 9516187
 9514464
 9511708
 9506349
 9490881
 9474034
 9467165
 9470085
 9464783
 9465489
 9467204
 9470190
 9471388
 9475500
 9472644
 9476980
 9475646
 9478657
 9481575
 9481412
 9482575
 9482029
 9480210
 9478400
 9479048
 9478409
 9475790
 9476753
 9469571
 9459919
 9453398
 9450130
 9450193
 9451912
 9456981
 9457074
 9457962
 9460329
 9463025
 9465098
 9466015
 9466916
 9465512
 9467639
 9470994
 9471793
 9473478
 9472165
 9472758
 9475806
 9474317
 9474066
 9470564
 9463002
 9453477
 9453738
 9457859
 9458690
 9462840
 9462198
 9465296
 9463282
 9465089
 9467368
 9469627
 9469258
 9471597
 9472037
 9472260
 9475628
 9484829
 9483742
 9482060
 9480339
 9479437
 9479691
 9473120
 9462943
 9469329
 9481822
 9477865
 9476910
 9478807
 9476513
 9477882
 9478536
 9476855
 9476726
 9476021
 9476303
 9477126
 9480465
 9479367
 9480658
 9485819
 9487129
 9485810
 9483073
 9481106
 9479683
 9471883
 9464868
 9476055
 9491938
 9482153
 9475997
 9474129
 9475732
 9479386
 9476744
 9475844
 9476150
 9476017
 9477910
 9473836
 9475073
 9471252
 9473147
 9471660
 9474163
 9473784
 9471820
 9472573
 9472901
 9467225
 9463599
 9457658
 9460301
 9458533
 9455674
 9456407
 9456503
 9458294
 9458402
 9459351
 9460300
 9461372
 9460325
 9457161
 9456558
 9456830
 9458902
 9458658
 9458121
 9458062
 9460047
 9459691
 9460903
 9456205
 9442273
 9442551
 9435328
 9444689
 9478146
 9512834
 9556749
 9566050
 9546663
 9562932
 9582213
 9644805
 9644012
 9607407
 9584394
 9570361
 9560356
 9554113
 9549654
 9544132
 9538539
 9534664
 9529039
 9509706
 9490167
 9475781
 9472391
 9499929
 9493104
 9490840
 9492464
 9488355
 9499902
 9502358
 9501121
 9499651
 9497763
 9498089
 9496102
 9493275
 9488421
 9486568
 9486348
 9487320
 9486839
 9485251
 9480407
 9468791
 9457717
 9448025
 9442655
 9438682
 9439945
 9442720
 9445780
 9448033
 9448546
 9449684
 9452070
 9453449
 9455306
 9457327
 9459216
 9457173
 9457492
 9456854
 9458489
 9460358
 9459896
 9461142
 9459662
 9448902
 9445096
 9436279
 9432246
 9432543
 9436315
 9436944
 9441294
 9444144
 9445038
 9445050
 9447219
 9446752
 9448053
 9447642
 9448066
 9448644
 9449525
 9449934
 9450394
 9450928
 9450872
 9451579
 9449822
 9448902
 9452260
 9445386
 9443252
 9445673
 9446246
 9445557
 9446601
 9444710
 9445548
 9448789
 9446537
 9447864
 9447684
 9445171
 9442679
 9444452
 9445061
 9445107
 9446511
 9448030
 9446927
 9448321
 9449013
 9446147
 9441713
 9434105
 9428539
 9425283
 9427757
 9430748
 9433211
 9434782
 9435662
 9439088
 9439149
 9439441
 9440818
 9440004
 9439990
 9442945
 9445070
 9445710
 9447496
 9448185
 9447425
 9446900
 9447044
 9444846
 9441268
 9433817
 9432375
 9427295
 9431767
 9432121
 9435231
 9439786
 9440717
 9441227
 9441334
 9440520
 9441944
 9444383
 9445472
 9445781
 9446593
 9455251
 9459146
 9456844
 9455607
 9453747
 9451445
 9446272
 9439027
 9429525
 9424164
 9426018
 9426787
 9428978
 9433524
 9441198
 9445354
 9448516
 9449850
 9449244
 9449277
 9450021
 9448040
 9448177
 9449818
 9450526
 9452790
 9453955
 9455045
 9454521
 9454776
 9450332
 9446879
 9445130
 9444793
 9442569
 9445236
 9445207
 9447685
 9447948
 9447962
 9446373
 9446088
 9446462
 9446894
 9447185
 9446489
 9448023
 9449121
 9450382
 9449158
 9449896
 9451124
 9453441
 9454093
 9446657
 9453896
 9465413
 9523579
 9632234
 9703183
 9752994
 9802869
 9826787
 9831540
 9811553
 9799504
 9780388
 9750555
 9726771
 9698221
 9675566
 9659093
 9646504
 9637500
 9630643
 9629415
 9643373
 9668218
 9678691
 9700978
 9751016
 9752672
 9751400
 9739853
 9707140
 9684465
 9669743
 9652932
 9641731
 9634793
 9628877
 9621496
 9616565
 9609214
 9606352
 9601937
 9598740
 9596871
 9591517
 9587557
 9583094
 9576691
 9556134
 9540514
 9530105
 9516388
 9505742
 9503051
 9501725
 9503673
 9502351
 9503530
 9502162
 9502340
 9502260
 9502342
 9502884
 9501433
 9499620
 9498796
 9497606
 9496038
 9493015
 9493510
 9492491
 9492653
 9479744
 9473614
 9465785
 9461132
 9459042
 9459894
 9464197
 9465782
 9465988
 9466491
 9465136
 9467140
 9468816
 9467485
 9467932
 9468194
 9470562
 9468112
 9467743
 9468654
 9470348
 9471460
 9472275
 9473241
 9463083
 9459777
 9454843
 9448630
 9444159
 9442151
 9446260
 9448332
 9451878
 9452904
 9451457
 9449478
 9450104
 9450781
 9451573
 9451446
 9452585
 9450775
 9451214
 9452885
 9452491
 9453378
 9454172
 9455514
 9448508
 9449435
 9447479
 9443070
 9438635
 9440534
 9444949
 9447890
 9447680
 9449716
 9447006
 9445319
 9444978
 9445887
 9448479
 9447997
 9447592
 9448327
 9448036
 9449280
 9451626
 9452710
 9453836
 9455312
 9444948
 9446654
 9441494
 9436305
 9432230
 9433793
 9440132
 9444148
 9444212
 9446598
 9445008
 9444534
 9443370
 9444282
 9443137
 9442227
 9442723
 9444151
 9444963
 9445964
 9448005
 9448248
 9449947
 9451801
 9445660
 9443454
 9438123
 9432240
 9426058
 9428481
 9429762
 9432535
 9435661
 9438415
 9439860
 9440553
 9439976
 9439180
 9437616
 9437693
 9437142
 9438420
 9439091
 9439790
 9441409
 9442286
 9442527
 9443077
 9439832
 9439343
 9437168
 9427465
 9421060
 9421227
 9425524
 9429098
 9430907
 9433396
 9435068
 9435064
 9433649
 9434523
 9433049
 9434921
 9436079
 9435334
 9438623
 9436514
 9439551
 9440631
 9440348
 9438061
 9437176
 9433329
 9432097
 9423634
 9424546
 9423401
 9426872
 9429982
 9432239
 9432434
 9434994
 9432798
 9435031
 9432185
 9432000
 9433612
 9434480
 9436344
 9437384
 9439329
 9442297
 9444457
 9442226
 9441950
 9437856
 9437904
 9433098
 9429089
 9429152
       0
       0
       0
       0
       0
       0
       0
