 8129804
 8067858
 8018799
 7971823
 7920688
 7864194
 7796019
 7726644
 7665110
 7568055
 7449560
 7331865
 7188890
 7046395
 6901581
 6762688
 6668595
 6598582
 6558250
 6521438
 6488626
 6437495
 6399803
 6367952
 6338341
 6315930
 6291598
 6261908
 6228057
 6207326
 6179955
 6153224
 6129134
 6072083
 6008072
 5915262
 5831251
 5753800
 5686750
 5623380
 5610650
 5593760
 5589351
 5598862
 5573493
 5561804
 5545315
 5530987
 5518898
 5502570
 5489762
 5478314
 5466146
 5445819
 5439011
 5427084
 5415397
 5377389
 5337222
 5276175
 5209207
 5146720
 5094473
 5043346
 5005099
 4991333
 4982287
 4973881
 4966675
 4961389
 4950743
 4947937
 4942972
 4938406
 4932481
 4930236
 4923591
 4909345
 4906140
 4898055
 4887651
 4841166
 4801880
 4748275
 4697950
 4631225
 4570740
 4515055
 4489130
 4474406
 4478001
 4476877
 4474393
 4469508
 4474784
 4468940
 4466776
 4462851
 4455167
 4447883
 4438039
 4435234
 4434430
 4424266
 4414662
 4387698
 4357453
 4307849
 4268244
 4221360
 4183195
 4151111
 4135347
 4121183
 4116539
 4116695
 4112931
 4111087
 4100603
 4094439
 4089076
 4088192
 4078508
 4076345
 4066181
 4059697
 4052574
 4049610
 4047287
 4012163
 3978880
 3942076
 3911833
 3871029
 3831265
 3797902
 3770139
 3759096
 3755973
 3759250
 3754927
 3748364
 3748921
 3744678
 3744035
 3741952
 3730910
 3729627
 3725864
 3730102
 3730659
 3725056
 3717294
 3694651
 3665688
 3637445
 3592083
 3551600
 3513677
 3478794
 3463912
 3457830
 3455907
 3461905
 3460863
 3458621
 3458058
 3459896
 3462374
 3463812
 3461330
 3461088
 3463166
 3462524
 3463242
 3459880
 3463078
 3430836
 3404994
 3363711
 3325389
 3285227
 3241225
 3211943
 3198901
 3201139
 3204577
 3204415
 3212254
 3210972
 3212810
 3214809
 3217127
 3219445
 3223524
 3228242
 3230561
 3235279
 3235118
 3236716
 3237275
 3208713
 3191831
 3151030
 3118068
 3082466
 3048865
 3018623
 2993661
 2988380
 2992219
 2988377
 2997336
 3003175
 3008773
 3016852
 3024371
 3029490
 3029649
 3032287
 3033006
 3036445
 3040124
 3041163
 3044122
 3024440
 3010839
 2977398
 2942676
 2912995
 2880514
 2861472
 2848271
 2846430
 2851229
 2856028
 2855307
 2862746
 2873865
 2877704
 2883063
 2883462
 2886741
 2891940
 2896899
 2898178
 2903618
 2904577
 2906736
 2894095
 2878334
 2850813
 2823211
 2794970
 2764729
 2743528
 2734087
 2745286
 2748725
 2755125
 2757364
 2765763
 2771122
 2774961
 2778321
 2785280
 2792479
 2795118
 2797678
 2802477
 2807516
 2813355
 2814714
 2804554
 2793513
 2762472
 2736391
 2708630
 2685669
 2671508
 2656947
 2657266
 2665985
 2672065
 2675744
 2678783
 2681423
 2686862
 2689901
 2695980
 2696460
 2697979
 2701258
 2704058
 2704457
 2708777
 2713976
 2701095
 2689175
 2671174
 2649813
 2629492
 2606051
 2582290
 2572690
 2573569
 2578449
 2579168
 2583168
 2584687
 2586526
 2591566
 2612446
 2641085
 2695565
 3077726
 3791009
 4331651
 4717574
 5205898
 5631424
 5955188
 6385595
 7049286
 7892740
 8715714
 9279406
 9517977
 9674066
 9784232
 9831916
 9874317
10046717
10056716
 9995436
 9892156
 9732636
 9691196
 9570875
 9466875
 9492076
 9477837
 9745840
 9813842
 9747924
 9737685
 9664326
 9556486
 9433527
 9390727
 9376408
 9356648
 9491610
 9713131
 9731612
 9603533
 9651295
10111939
10731146
11118436
12111087
12423817
12816791
13173524
13336820
13453712
13628924
13836858
14123032
14436882
14955056
15193155
15430707
15850255
16083627
16629558
16900762
16744123
16520444
16244924
16066206
15994608
16023090
16029171
15997334
15905174
15764534
15602055
15453415
15316694
15197014
15006213
14817892
14648131
14441570
14168369
13826127
13509165
13208524
12912522
12702361
12589640
12492679
12396679
12307398
12222357
12145476
12065476
11999235
11919235
11846514
11784514
11722434
11660754
11600834
11545794
11484833
11355313
11148033
10819232
10465471
10125230
 9841549
 9637948
 9515308
 9463307
 9436987
 9408427
 9376827
 9357307
 9337147
 9314027
 9288827
 9270987
 9248027
 9234827
 9216187
 9196267
 9177307
 9155547
 9143227
 9043467
 8911546
 8743546
 8575625
 8423944
 8299143
 8204502
 8167542
 8167542
 8167141
 8162501
 8159541
 8162021
 8164500
 8164900
 8161619
 8160259
 8156818
 8145938
 8146497
 8142097
 8129936
 8121535
 8119935
 8039294
 7940413
 7823212
 7708250
 7590889
 7492728
 7411606
 7381365
 7381285
 7376564
 7379283
 7376883
 7382242
 7385841
 7383521
 7385280
 7380560
 7381519
 7377278
 7374878
 7379917
 7378076
 7375596
 7370235
 7302234
 7229834
 7128392
 7012951
 6906950
 6808229
 6731828
 6690307
 6710386
 6712865
 6718225
 6718624
 6720064
 6720143
 6725422
 6725742
 6728301
 6727580
 6729259
 6728059
 6730058
 6734697
 6732616
 6730536
 6690535
 6649654
 6574852
 6496691
 6429009
 6342128
 6283167
 6250685
 6258604
 6258843
 6265962
 6272201
 6278520
 6282039
 6282598
 6295877
 6313396
 6315635
 6316913
 6332992
 6361311
 6426350
 6453789
 6429868
 6387387
 6338585
 6252504
 6183542
 6110341
 6046819
 5998418
 5979457
 5988736
 5997855
 6001214
 6012253
 6016332
 6027051
 6079531
 6169450
 6314169
 6664729
 7179529
 7354329
 7427129
 7404728
 7325128
 7347528
 7278327
 7220647
 7196246
 7192485
 7091444
 7123604
 7477684
 7404083
 7456163
 7438323
 7538644
 8186245
 9285931
 9722254
10817057
12037543
12636273
13172844
13360051
13632219
13867747
14085272
14226398
14317519
14359761
14422964
14379923
14315602
14230240
14142560
14102321
14088641
13997041
13913200
13797839
13648959
13495438
13328638
13172477
12990477
12822076
12667436
12530716
12400395
12271355
12158474
12054314
11952393
11754473
11481032
11069991
10605590
10137188
 9747907
 9476706
 9362226
 9351025
 9334465
 9316625
 9302384
 9281424
 9257263
 9242383
 9233182
 9210542
 9193421
 9176941
 9158780
 9144780
 9115500
 9134939
 9148539
 9749819
11633180
12577742
12812383
12843263
13360866
13913352
14118317
14409603
14502248
14652733
14654815
14698337
14684818
14695539
14604099
14528659
14446179
14406739
14396339
14365219
14238339
14113058
14040979
14085859
14061379
14009859
13968259
14016819
14152420
14104581
14042580
13927780
13825140
13713939
13610579
13529539
13478659
13552179
13635299
13625059
13580179
13540339
13519939
13471059
13402178
13333058
13305218
13248178
13140417
12984576
12803615
12614974
12400253
12260332
12142652
12043291
11949690
11870410
11797289
11789128
11896968
11892087
11828086
11782566
11748325
11738404
11781764
11817444
11790643
11755763
11746243
11816962
12461364
13767849
14489773
14707695
15435796
15739325
15826612
15844456
15896299
15940541
15898784
15894948
15890551
15885996
15916879
15871200
15801840
15717759
15610318
15497677
15387036
15224155
15069034
14902073
14719911
14450150
14107908
13754306
13393024
13123823
12985582
12877580
12810539
12942379
13793661
14046860
14745508
15185669
15508630
15681592
15674232
15623271
15567991
15491830
15403108
15314067
15224626
15107745
14950224
14776703
14491503
14079341
13678140
13345258
13110857
12987016
12867015
12753254
12654373
12567252
12482531
12397330
12301969
12219728
12135488
12047887
11971966
11900045
11819324
11735963
11652603
11388842
11154200
10848279
10509798
10182036
 9933315
 9762754
 9696353
 9686672
 9674271
 9651231
 9625150
 9601229
 9577869
 9564908
 9548267
 9532907
 9522026
 9501546
 9485385
 9462024
 9441464
 9421143
 9353143
 9309782
 9269862
 9227541
 9185621
 9139780
 9096420
 9063619
 9040979
 9007618
 8978498
 8952017
 8922817
 8890816
 8865696
 8836256
 8802815
 8765535
 8738495
 8716894
 8689454
 8652894
 8621373
 8588413
 8566253
 8544733
 8525452
 8503612
 8492972
 8469132
 8433852
 8406812
 8399531
 8381211
 8363051
 8341371
 8327291
 8308731
 8289291
 8273851
 8258651
 8245451
 8226091
 8207371
 8192892
 8176812
 8158012
 8142332
 8131853
 8123053
 8106974
 8088094
 8075295
 8057135
 8038336
 8016897
 8003618
 7993698
 7974259
 7957940
 7948661
 7940422
 7929143
 7918264
 7902266
 7886427
 7874428
 7862350
 7855871
 7854673
 7848755
 7838037
 7832039
 7817241
 7809723
 7796926
 7784608
 7768451
 7758694
 7748697
 7734540
 7728303
 7722547
 7714150
 7709354
 7698477
 7690161
 7680325
 7662489
 7655852
 7646896
 7637700
 7625784
 7619788
 7614512
 7602596
 7591080
 7585884
 7584048
 7580372
 7571576
 7563421
 7547745
 7542629
 7535193
 7533677
 7522001
 7518165
 7512489
 7502573
 7495057
 7486181
 7478105
 7471709
 7463233
 7452117
 7447801
 7442765
 7438609
 7428934
 7427898
 7426382
 7423746
 7421750
 7415914
 7406638
 7390642
 7380246
 7376330
 7373693
 7370097
 7361941
 7358585
 7356749
 7352593
 7345797
 7343161
 7332365
 7321489
 7315172
 7307176
 7298540
 7290623
 7282147
 7274790
 7270154
 7267037
 7261440
 7255123
 7245286
 7234249
 7224811
 7222413
 7220735
 7215456
 7212898
 7207219
 7198420
 7190341
 7189061
 7183142
 7175782
 7167782
 7159143
 7150903
 7146583
 7136503
 7126903
 7120663
 7117623
 7110582
 7103462
 7094182
 7084582
 7077781
 7073941
 7069461
 7064980
 7058500
 7054659
 7047539
 7041778
 7034818
 7024337
 7016657
 7005936
 6994496
 6981695
 6966895
 6959534
 6951374
 6941293
 6931372
 6929372
 6924091
 6913451
 6901210
 6886729
 6868489
 6858728
 6853928
 6848327
 6844326
 6837606
 6831285
 6824964
 6822004
 6816243
 6807443
 6818802
 6818721
 6849201
 6846960
 6841359
 6838879
 6829598
 6821118
 6818477
 6813676
 6799356
 6789195
 6777994
 6768794
 6761113
 6754152
 6749912
 6744871
 6739350
 6735670
 6730629
 6723588
 6713908
 6711347
 6704146
 6696946
 6691185
 6679904
 6671744
 6664303
 6658382
 6650782
 6651821
 6646060
 6639820
 6632219
 6629178
 6626458
 6621977
 6617816
 6617416
 6615415
 6609574
 6606694
 6600293
 6593653
 6588292
 6583971
 6576531
 6570370
 6561489
 6552689
 6546128
 6535727
 6530767
 6527246
 6527966
 6529165
 6523404
 6516844
 6509323
 6504843
 6504122
 6501721
 6498601
 6497480
 6496280
 6492759
 6489158
 6485078
 6479157
 6473717
 6467476
 6460836
 6453315
 6447714
 6439234
 6433553
 6424433
 6416192
 6410912
 6405471
 6401070
 6390510
 6381069
 6368989
 6359308
 6354427
 6377947
 6435306
 7004426
 7471945
 7755945
 7796264
 7762984
 7783943
 7798823
 7775862
 7736262
 7678501
 7631861
 7586180
 7553459
 7526019
 7499618
 7481938
 7462737
 7437456
 7424656
 7415375
 7412094
 7392414
 7370893
 7348173
 7323692
 7293691
 7268011
 7245210
 7224889
 7200169
 7177928
 7155128
 7133127
 7104566
 7079526
 7050005
 7022964
 7000084
 6981203
 6964402
 6944722
 6923601
 6897920
 6869840
 6838479
 6819118
 6799118
 6781597
 6764636
 6748476
 6729275
 6711674
 6699354
 6687673
 6669272
 6657272
 6643031
 6631911
 6618870
 6603109
 6586469
 6572148
 6566307
 6554227
 6542546
 6527665
 6502145
 6471344
 6438383
 6411583
 6391502
 6376461
 6357181
 6339980
 6319019
 6297099
 6282058
 6266697
 6245977
 6224616
 6204775
 6189175
 6176774
 6161013
 6139253
 6119652
 6099171
 6068771
 6142210
 6388130
 6765890
 7426370
 7886610
 8323010
 8543251
 8656611
 8711251
 8641811
 8790452
 9100054
 9391735
10165574
10691576
11026377
11227657
11317257
11309736
11432537
11587498
12157424
12442629
12527911
12574231
12636791
12609990
12972723
13176009
13378809
13426570
13515372
13541695
13685861
13706824
13773149
13814271
13812111
13784751
13747390
13719390
13647949
13569148
13481467
13394587
13340666
13305545
13205225
13109864
13004103
12944823
12867062
12863543
12745862
12631622
12492581
12355620
12216900
12108899
12013298
11914578
11813937
11717376
11634096
11544415
11462814
11388014
11337453
11274653
11195772
11117851
11044650
10978410
10905689
10829368
10763208
10690327
10627366
10562005
10499765
10436644
10376963
10311522
10435922
11471283
12972569
13568013
14081380
14221865
14176985
14097384
14009704
13926263
13839142
13763622
13676901
13603620
13515300
13394899
13241139
13073458
12908097
12760897
12614816
12492095
12364895
12250494
12149213
12043933
11954172
11858891
11768570
11685690
11593769
11505208
11427367
11346887
11264886
11181445
11117765
11046404
10977523
10908882
10820962
10751201
10680320
10623759
10556719
10484478
10419917
10367517
10312716
10254235
10191115
10130954
10075993
10021753
 9967192
 9911911
 9864231
 9810150
 9768389
 9731509
 9684308
 9642467
 9597987
 9545426
 9505746
 9465905
 9460784
 9442784
 9407663
 9375503
 9334382
 9296461
 9251341
 9211660
 9175339
 9142379
 9250458
 9258378
 9218217
 9632698
10255580
11019266
11852236
12656961
13093523
13695205
14020005
14171367
14217687
14143686
14093446
14054006
14123608
14508657
14621225
14587465
14523544
14501705
14677310
14733634
14741716
14727478
14680598
14722121
14814925
14768925
14715245
14672445
14649166
14582447
14522767
14473727
14420528
14329248
14248208
14151808
14012768
13827168
13649328
13481329
13314609
13179329
13056129
12939169
12892690
13213730
13426451
13517252
13803413
13942535
14027817
13999097
13903018
13839898
13762858
13672939
13574939
13475419
13373339
13267499
13145659
12975019
12812699
12664379
12521739
12395259
12275819
12164139
12065819
11963339
11867339
11777579
11694058
11616458
11523498
11451898
11386938
11321338
11257338
11196138
11132058
11075417
11021097
10973577
10924457
10871737
10819577
10774057
10725337
10666217
10614057
10556617
10500776
10451656
10402136
10348056
10299896
10252616
10205335
10163735
10125655
10094695
10056134
10015254
 9982854
 9946854
 9909174
 9870133
 9836773
 9807253
 9781092
 9750212
 9711012
 9678211
 9647331
 9619411
 9583650
 9554290
 9520049
 9506529
 9493248
 9463648
 9482208
 9475087
 9456767
 9430446
 9395966
 9355485
 9325244
 9290444
 9257883
 9239483
 9217162
 9190521
 9159961
 9129240
 9097639
 9065478
 9028197
 8983556
 8944835
 8896115
 8851473
 8800032
 8749951
 8693550
 8644349
 8600668
 8546907
 8496266
 8445624
 8400903
 8365542
 8327301
 8290499
 8255058
 8223057
 8185696
 8155774
 8124973
 8101372
 8081210
 8061129
 8049768
 8036247
 8022485
 8011124
 8004243
 7997281
 7990960
 7982479
 7974638
 7973036
 7968955
 7963354
 7953112
 7945671
 7938470
 7937028
 7932467
 7928386
 7922945
 7917663
 7906702
 7903261
 7898620
 7889658
 7880057
 7872136
 7866775
 7855333
 7845972
 7839091
 7826770
 7819649
 7815487
 7807886
 7803245
 7798684
 7793163
 7786762
 7781720
 7771079
 7765558
 7760117
 7753076
 7749635
 7744993
 7738512
 7732751
 7727390
 7719549
 7710028
 7701227
 7690345
 7680584
 7671623
 7661542
 7657301
 7650580
 7645779
 7639218
 7628817
 7617216
 7611134
 7601613
 7591772
 7583371
 7575370
 7567449
 7554088
 7543127
 7534246
 7523605
 7513124
 7504323
 7492801
 7485120
 7479279
 7470958
 7458637
 7450236
 7442395
 7435914
 7427193
 7418712
 7407111
 7398150
 7389909
 7379107
 7372386
 7361425
 7351904
 7344623
 7338222
 7330621
 7324940
 7317179
 7310538
 7301897
 7292616
 7283415
 7279014
 7271813
 7264772
 7257411
 7249970
 7246369
 7238528
 7230526
 7224125
 7223164
 7270923
 7706043
 8459323
 9207563
10974527
12311977
12814623
13152628
13436873
13655998
13873524
14032648
14186334
14279218
14363222
14433225
14460986
14620030
14746035
14848679
14928923
15008606
15091728
15126690
15134371
15183814
15183415
15221578
15226461
15275106
15340392
15320474
15288314
15246795
15261757
15292319
15285121
15271362
15242403
15214564
15226406
15405373
15557383
15606429
15626273
15733163
15820134
15888703
16004397
16128890
16235145
16411794
16419642
16532617
16591590
16602555
16573119
16556961
16524404
16475606
16425449
16348971
16290574
16226737
16142899
16076982
16001225
15953947
15874510
15838193
15853556
15841880
16110047
16153172
16206056
16174060
16078863
15986546
15917829
15837911
15740074
15626957
15499599
15357922
15221124
15050726
14864409
14670251
14507133
14332735
14191697
14050339
13942421
13815702
13722504
13617786
13518348
13428589
13358431
13276753
13185954
13100276
13010278
12952839
12935241
12883083
12816605
12746287
12678609
12604850
12533092
12467014
12386136
12309737
12249339
12181021
12124462
12058144
12001505
11939187
11885989
11832550
11771431
11714553
11651994
11598636
11535917
11468958
11410479
11347041
11296882
11242403
11186564
11138085
11082646
11034167
11063128
11342649
11620569
11887850
12161531
12880812
13632254
14164417
14683462
15159069
15377793
15520118
15712124
15919814
16069342
16187191
16283598
16345603
16406247
16432170
16465773
16470094
16458335
16438415
16425454
16377774
16303293
16209613
16104572
15968412
15811692
15646011
15471691
15283130
15091690
14910090
14743690
14602650
14471450
14373369
14342650
14386570
14750651
15245693
15531135
15758978
15851221
15866424
15809385
15771226
15809867
16091791
16350198
16498687
16671180
16815841
16919939
17009397
17090531
17199357
17301937
17420842
17510222
17603284
17657624
17708840
17828143
17897441
17926414
17948496
17943138
17913938
17878898
17829777
17757697
17660577
17580656
17473776
17379295
17286334
17171854
17037613
16898492
16710412
16493130
16302969
16121048
15956487
15815046
15676804
15548163
15421441
15303999
15170637
15039115
14914953
14817111
14699429
14597186
14481824
14381502
14269899
14174377
14073334
13963091
13863568
13757726
13663083
13575961
13479078
13402595
13317792
13237789
13144747
13061864
12981781
12902418
12818175
12745772
12674489
12601126
12533123
12464480
12402957
12343034
12290551
12235828
12183905
12131821
12080458
12031575
11981412
11933489
11880526
11828603
11777880
11733077
11682274
11630591
11571948
11525145
11477062
11421460
11370017
11325294
11277771
11229208
11198965
11171763
11135920
11108717
11083674
11066231
11032868
11002546
10974863
10935180
10909177
10876454
10841651
10812688
10783325
10759242
10733480
10698837
10676034
10650591
10619868
10589066
10554823
10520340
10496738
10474175
10445533
10430010
10410807
10392165
10377763
10360960
10327918
10304475
10286313
10259191
10229269
10199027
10169584
10147902
10123180
10092458
10069896
10040534
10017732
10025251
10237489
10693328
11072367
11309405
11254203
11197401
11108200
11027958
10916516
10799955
10698193
10620351
10556990
10492588
10448667
10403705
10361543
10330822
10297620
10267859
10236657
10205056
10174974
10147293
10116971
10085530
10059609
10028647
10001286
 9972484
 9949523
 9925041
 9895360
 9868799
 9843437
 9814796
 9789834
 9759913
 9733512
 9709110
 9683909
 9691428
 9772867
10266226
11445667
13184875
14817853
15589397
16089023
16453608
16741152
16878444
16914603
16925484
16983649
16980609
17122547
17172390
17198070
17157109
17117188
17068548
17017027
16948146
16883025
16802624
16710703
16609023
16498382
16376141
16231181
16089500
15935020
15771980
15617899
15475499
15346619
15219339
15092139
14969578
14851498
14733738
14621018
14517178
14415738
14312858
14209258
14096618
14011978
13914378
13814138
13713017
13594297
13479737
13368537
13273817
13165017
13060857
12964617
12881017
12798777
12713177
12640937
12571417
12500697
12431497
12364777
12295817
12234137
12181577
12118937
12055977
11983497
11916777
11847977
11785337
11719897
11646937
11585737
11527897
11466457
11400937
11347097
11314217
11281417
11251178
11209738
11182458
11145338
11104698
11070938
11043258
11021658
10995579
10962779
10941659
10918619
10886059
10860779
10831660
10808620
10779660
10747340
10719020
10688860
10659580
10641900
10623180
10597661
10575901
10551501
10529101
10504541
10480141
10460861
10444780
10427740
10405580
10383740
10369100
10345820
10321579
10295739
10270219
10253179
10231978
10211898
10193738
10172377
10159977
10136216
10116056
10104695
10082135
10063654
10047253
10027653
10008452
 9989251
 9963810
 9947249
 9922928
 9907967
 9891966
 9877325
 9860524
 9844043
 9827322
 9816761
 9796120
 9776118
 9754757
 9739876
 9718514
 9702513
 9695151
 9686350
 9663868
 9648906
 9631385
 9620903
 9609141
 9600420
 9589458
 9576176
 9560094
 9549212
 9538731
 9518969
 9508567
 9497525
 9481043
 9464961
 9449119
 9434877
 9426235
 9413033
 9392870
 9381108
 9370466
 9352784
 9339422
 9323100
 9311257
 9301335
 9287653
 9272291
 9258768
 9248766
 9230284
 9217802
 9206279
 9194837
 9177314
 9342593
 9414430
 9359788
 9314266
 9283223
 9250021
 9230098
 9255056
 9303694
 9290571
 9249689
 9238327
 9255764
 9236322
 9218719
 9196397
 9182394
 9172072
 9164630
 9157107
 9132945
 9133102
 9171740
 9203337
 9308615
 9361573
 9753332
 9810610
 9787407
 9778365
 9736522
 9705800
 9676677
 9643075
 9626912
 9592590
 9542587
 9504185
 9501462
 9465220
 9455297
 9414575
 9385932
 9355530
 9321928
 9291765
 9262083
 9230480
 9198878
 9168475
 9146953
 9438151
10167670
10148388
10129665
10073903
10007101
 9938779
 9874696
 9804054
 9717252
 9644770
 9750528
10354846
11303805
11440123
11488121
11624600
11881079
11935077
11945475
11938113
11941791
11932909
11899787
11877785
11880743
11854341
11819139
11777697
11786415
12101694
12593294
12831133
13000732
13166892
13211531
13572251
14068575
14330817
14587621
14786425
14924427
15079952
15416364
15726621
15840628
16048961
16180410
16242655
16292818
16361700
16411863
16432104
16470586
16586437
16639400
16671720
16686120
16682679
16683398
16653078
16618678
16524357
16411876
16300755
16219635
16296917
16326358
16622043
16680127
16827972
16843896
16921261
16867981
16810140
16726859
16653578
16569178
16458537
16361976
16255815
16160935
16066294
15959173
15838133
15710532
15569411
15401730
15235569
15070768
14905247
14749166
14605006
14478445
14344924
14220523
14101162
13998041
13897960
13806759
13706279
13618038
13528357
13445796
13361395
13272915
13177154
13074753
12993792
12914192
12828511
12745710
12672110
12597869
12523148
12447068
12389307
12321546
12250666
12178185
12111864
12044264
12007143
12140183
12458823
12618743
13162744
13506825
14290589
15088113
15688839
16014284
16307493
16468699
16666628
16956886
17296831
17353402
17430136
17451584
17506075
17544641
17576806
17636255
17671545
17654825
17640265
17643149
17620510
17590909
17544669
17454108
17321787
17176106
16992346
16851466
17294440
17782786
18020725
18118260
18194348
18219229
18284908
18348588
18403636
18489011
18477252
18398292
18389013
18293172
18230692
18123571
18021570
17893889
17816368
17716528
17578206
17410845
17221403
17158523
17713655
17954537
17930777
17860056
17765735
17676613
17578372
17518051
17538772
17614533
17874458
18156711
18345368
18446107
18520449
18577186
18607039
18641290
18673624
18722119
18769813
18807505
18829435
18865685
18884971
18885934
18899302
18970924
19026299
19075113
19132727
19194903
19252209
19317429
19338471
19306631
19312955
19301280
19270643
19272970
19257532
19229212
19157212
19067292
18958411
18864731
18770091
18673691
18552891
18411050
18268249
18095688
17906327
17711207
17547126
17475125
17418085
17355605
17673291
18517545
18816679
18937965
19089980
19131990
19238559
19278406
19289610
19268410
19234730
19189769
19136968
19026967
18940406
18839285
18738484
18622882
18509041
18374079
18250558
18108076
17952074
17747992
17528711
17309189
17115507
16938465
16778143
16638541
16481178
16351016
16214134
16077892
15952929
15829807
15723485
15615082
15505000
15394118
15283475
15166593
15049070
14931148
14818585
14715463
14618580
14507137
14410655
14323932
14216650
14119847
14029524
13950002
13885679
13812476
13740633
13681351
13612388
13552465
13499262
13447339
13395016
13334293
13267090
13217088
13148045
13093802
13047559
12995396
12932593
12877151
12828348
12845625
12841143
12825940
12803937
12759535
12728252
12695529
12644406
12595203
12550961
12514158
12477115
12439352
12401749
12365106
12331503
12293500
12262857
12223734
12189971
12147248
12113645
12079162
12038759
11989876
11950513
11911070
11878987
11836904
11793381
11762659
11731296
11707053
11674970
11646247
11618244
11593521
11565038
11536955
11510472
11481269
11454307
11426544
11403021
11370458
11343096
11316453
11291090
11258768
11226685
11186443
11160360
11139878
11113236
11092913
11063551
11034829
11015866
10988184
10961622
10940340
10917778
10894656
10871854
10844892
10823611
10806889
10776727
10755846
10729764
10705042
10846162
11801683
11711682
11954001
12005039
11973918
11914157
12374396
12673275
13217675
14400239
15591129
16688589
17395732
17879115
18124253
18218182
18342515
18519096
18678392
18750244
18808413
18849380
18852262
18855063
18847223
18815783
18762903
18692182
18613221
18519701
18419940
18375781
18310741
18202501
18130661
18032021
18272907
18468593
18481157
18521644
18597649
18879739
19008867
18985269
18959991
18931912
18937035
18988080
19164335
19179782
19219550
19270683
19337657
19377189
19398157
19455532
19467780
19499550
19517959
19607104
19735127
19748493
19739053
19713852
19683213
19695216
19628016
19610097
19635781
19605702
19531781
19456980
19359779
19316179
19287059
19206339
19079698
19004177
18985777
18872096
18851776
18766815
18635693
18512252
18392250
18483450
18809374
19025698
19185463
19313949
19389074
19442838
19499402
19467323
19436683
19432285
19534451
19600137
19644221
19612381
19580861
19553661
19551665
19593269
19603193
19574074
19585921
19864844
20096949
20226641
20234159
20221196
20210073
20176790
20128467
20090946
20125028
20097027
20043346
19943103
19831500
19745177
19899261
19910702
19857901
19795660
19736857
19626374
19513730
19373966
19267002
19173239
19061236
19046994
18960510
18891148
19054587
19040503
18967300
18886896
18741932
18631368
18517283
18362399
18207434
18044790
17891346
17785822
17708298
17538214
17379009
17220765
17079880
16943395
16804670
16661146
16518421
16373136
16253851
16135607
16011762
15882397
15771753
15639348
15513503
15398859
15286534
15186609
15078605
14961480
14845556
14752271
14649947
14568182
14489618
14405053
14327609
14244645
14164960
14092796
14032232
13964787
13898143
13841019
13772694
13697890
13634606
13567962
13501718
13436833
13373629
13318345
13250661
13199857
13140892
13080408
13030324
12981520
12939036
12893591
12850707
12814303
12766698
12715734
12678290
12637006
12608361
12562997
12526353
12490108
12440904
12393780
12343295
12294491
12254967
12214082
12163838
12114954
12082309
12047425
12012941
11969576
11939252
11906607
11880843
11852679
11821794
11790670
11754826
11730341
11713697
11679853
11650568
11621364
11594400
11572316
11554311
11538467
11517423
11492538
11466214
11438130
11414766
11389242
11356597
11330353
11311229
11296585
11289861
11277857
11278972
11270888
11257364
11242320
11226156
11209992
11197348
11176224
11158700
11141656
11132212
11117408
11103484
11088761
11065157
11048353
11030349
11013865
10991621
10978898
10965054
10952730
10935846
10927923
10913359
10903915
10895352
10881348
10873585
10861421
10845737
10836934
10823090
10810607
10795723
10785720
10768276
10748673
10730510
10718026
10692183
10676419
10658416
10638573
10628969
10615766
10602243
10588160
10575836
10564313
10552070
10543747
10529983
10517660
10505017
10489174
10480691
10462288
10442765
10432842
10420438
10404915
10388432
10375069
10362826
10345223
10329700
10317137
10304974
10292571
10280168
10272005
10261443
10253440
10245597
10231914
10221751
10214228
10207665
10193022
10180699
10172457
10161574
10190291
10368849
10375646
10434283
10471801
10468918
10465396
10457313
10456031
10425148
10401465
10379863
10356420
10334257
10317054
10306332
10296409
10294486
10292724
10285681
10269199
10261836
10241673
10857351
12533673
12762631
13453751
14543194
15029515
15059433
15067352
15007749
14935987
14923585
14933663
15260703
15183341
15165178
15094696
15117815
15144933
15083731
15126209
15210368
16218453
16312293
16315331
16196369
16105327
16292527
16378447
16297725
16221403
16164122
16495483
16655724
16539642
16532922
16750522
16609640
16577799
17215725
17167325
17184605
17048923
16953881
16848999
16713317
16598355
16477873
16345711
16169309
16025626
15831464
15659782
15504580
15333698
15191776
15153534
15130973
15156811
15072169
14963768
14855446
14761284
14677282
14850960
15527603
15713682
15717840
15909920
15831359
15727597
15617355
15500873
15385831
15244389
15091747
14955505
14833023
14701741
14583660
14476058
14365096
14259894
14157332
14106370
14009168
13916926
13823325
13740923
14007322
14516763
14605002
14585801
15466842
16608765
17375173
17866386
18041753
18101116
18260165
18320569
18418495
18531542
18661472
18768763
18825089
18837010
18846131
18906937
19063272
19150563
19221692
19271219
19273061
19316826
19464124
19631910
19807539
19961485
20110389
20209929
20313227
20406603
20471333
20486295
20541736
20522937
20535981
20636788
20666313
20788648
20896188
21076706
21187524
21221371
21255614
21268096
21225777
21199860
21189302
21139384
21078348
20966431
20837554
20677637
20519478
20380200
20238442
20438208
20695256
20777663
20754308
20773594
20685596
20583437
20463119
20346561
20223043
20104965
20004327
19903529
19784411
19711533
20309542
20435549
20269390
20113631
19976513
19828994
19662995
19489316
19302997
19114998
18889159
18676439
18551640
18705002
19244045
19520049
19874934
20376305
20583517
20661686
21002103
21379329
21555034
21638975
21719475
21738528
21753576
21782950
21805522
21795609
21770174
21735298
21690261
21614423
21568346
21529630
21502515
21414438
21327961
21213563
21093245
20996687
20880529
20836771
21176707
21526322
21807698
21846986
21866352
21798194
21724115
21628435
21492356
21427797
21293398
21118039
20955239
20784840
20616281
20451403
20290764
20111486
19918127
19732369
19522770
19328372
19142454
18970856
18787018
18607020
18442302
18269024
18097026
17941428
17769030
17614633
17468715
17302237
17145199
17015840
16867282
16731764
16594406
16443367
16303689
16176010
16040412
15908973
15797454
15692175
15595775
15505456
15429456
15354416
15281936
15218736
15154255
15086174
15012413
14925692
14850570
14780088
14704086
14637284
14560482
14498479
14447917
14396554
14326391
14260868
14202865
14147022
14085099
14044215
14003892
13953888
13914925
13875721
13831238
13795874
13760750
13723306
13682822
13650178
13605054
13573210
13533526
13490082
13443118
13404074
13365270
13334065
13307901
13278617
13230292
13183888
13147803
13109879
13083394
13056349
13024745
12993940
12960975
12927451
12900086
12873601
12855036
12829031
12797586
12775021
12749896
12716851
12677966
12626121
12592916
12564431
12526426
12485221
12439936
12411371
12384806
12363200
12549276
12493111
12443426
12403421
12382377
12375092
12435407
12379802
12333398
12368753
12750909
12722025
12660901
12613136
13272412
14117530
15465932
16722981
17511149
18367484
19324074
20033708
20379417
20636791
20899685
21049934
21061451
21054408
21044966
21040565
21055605
21048163
20986639
20915036
20826554
20721270
20609747
20475103
20342940
20231897
20736627
21451707
21565008
21683833
21766895
21750734
21734332
21706969
21699768
21750333
21834743
21881070
21880751
21870190
21937239
22070318
22199246
22344327
22437793
22483571
22539511
22554716
22557438
22570405
22555528
22533367
22467124
22397200
22305758
22202074
22086551
21948788
21795984
21628460
21468697
21287013
21131249
21024766
20959883
20828680
20669397
20523793
20376830
20210986
20043463
19885219
19725536
19565212
19407049
19287366
19456084
20118645
21030651
21081131
21350415
21640502
21741786
21825709
21904512
21963795
22115161
22216128
22284693
22416147
22516959
22547285
22550488
22546808
22603614
22666425
22734518
22810937
22912245
23014593
23092142
23187929
23294447
23455763
23563938
23589629
23608603
23766717
23899469
23932674
23991804
24086251
24204476
24317421
24400902
24491595
24547014
24613360
24636561
24638804
24674252
24655928
24618085
24562161
24532482
24603774
24558892
24485446
24376160
24232874
24118949
24255755
24184792
24099187
23953102
23819977
23666771
23477325
23276598
23070592
22874585
22686099
22486492
22252645
22013837
21769270
21536223
21298695
21085807
20890839
20694271
20534343
20352254
20193606
20031757
19891588
19759979
19611170
19503720
19418911
19338261
19229931
19221362
19041032
18873341
18732851
18593320
18464670
18332499
18210568
18080397
17958785
17846534
17719083
17597312
17482340
17366329
17270238
17160147
17070535
16998284
16927473
16860983
16789132
16703601
16617111
16531021
16451411
16358681
16272911
16185701
16094652
16006883
15931674
15852785
15776056
15690688
15620199
15542591
15475703
15402095
15334807
15263759
15197432
15135664
15074937
15010529
14953642
14899155
14848428
14796501
14742574
14698087
14642640
14595193
14555586
14511340
14468533
14420526
14378760
14338833
14302347
14255140
14219694
14182967
14143361
14096074
14060388
14048541
14071255
14072529
14071562
14061316
14040349
14006583
13971536
13940570
13905444
13864157
13825111
13787504
13742058
13703891
13668365
13632598
13592912
13553545
13519539
13491532
13457366
13417920
13386153
13351507
13316540
13285094
13355248
13359562
13348995
13467549
13681783
13740497
13721771
14098005
14484959
14815353
15070388
15552303
15571338
15502773
15445167
15373881
15321316
15267870
15252585
15370900
15354415
15317129
15283284
15256559
15219434
15158069
15077023
14991178
14908293
14824368
14736284
14642119
14562834
14480269
14406505
14332020
14259615
14189211
14115686
14045522
13983758
13918553
13862949
13799985
13752381
13715897
13665733
13609329
13557485
13499801
13448517
13396033
13337629
13283066
13231782
13177858
13129135
13079611
13033287
12996164
12948160
12913117
12906074
12880951
12848547
12800224
12757901
12716777
12678294
12640211
12611248
12581085
12556361
12527958
12502275
12471152
12444909
12413866
12376743
12343860
12307057
12271054
12232331
12200648
12190165
12213123
12229200
12254477
12253195
12204872
12173109
12143346
12111503
12083020
12067178
12048295
12024452
11999969
11978766
11961644
11944761
11926998
11906515
11886832
11865870
11842347
11817224
11793061
11759139
11772176
11808654
11901931
11907528
11843046
11806003
11774320
11746158
11719995
11691752
11678390
11665347
11655424
11647582
11634299
11618376
11606214
11597731
11581889
11571486
11567644
11574121
11595238
11611556
11649954
11687551
11719149
11669787
11634424
11623382
11766899
12224257
13288177
13483936
13547614
13520812
13495850
13529928
13886726
14351445
15105846
16248327
16820888
16801926
16611604
16466722
16334640
16230558
16329276
16222554
16145912
16447992
16384710
16291349
16388387
17260629
17095748
16902546
16874065
17233265
17230704
17030702
16880619
16748537
16610055
16499653
16406531
16772211
16931731
16764849
17206530
17424210
17416369
17183967
16998285
16824843
16633641
16460759
16311797
16185075
16208914
16193873
16098591
16004429
15962668
15952746
15960585
16031224
15898822
15784740
15660898
15525457
15419055
15299053
15201291
15088969
14968807
14863526
14763604
14675202
14592880
14511598
14429037
14351595
14309593
14278712
14207910
14154868
14062467
14012545
13956863
13908542
13851820
13809579
13758697
13708935
13656774
13610532
13567651
13519169
13471967
13424686
13382684
13336763
13303161
13268040
13236998
13204197
13176835
13150914
13120592
13097390
13040989
13016427
12998186
12977544
12950503
12920662
12888180
12858419
12833457
12797136
12772894
12739613
12710891
12693370
12668728
12645207
12625525
12605444
12577442
12553041
12534319
12511838
12493676
12469915
12432153
12415272
12399670
12379669
12356787
12334466
12310384
12288063
12264381
12272940
12296858
12351177
12351656
12326694
12286692
12257331
12223969
12197568
12176526
12153005
12133883
12114201
12091160
12068678
12020037
12005395
11988273
11966592
11947470
11928829
11903467
11885385
11866584
11874502
11938341
12018819
12066418
12090736
12054975
12012333
11985211
11960730
11933768
11917447
11903365
11885123
11865522
11843040
11789518
11767357
11746715
11729993
11702952
11680710
11644388
11705187
11880786
12030785
12045743
12045181
12053660
12019258
11976056
11944455
11929013
11907891
11877730
11848368
11815726
11791405
11762763
11737881
11669160
11648198
11629716
11606434
11590993
11568591
11590189
11592748
11554506
11525304
11487943
11442901
11411459
11377617
11366336
11336254
11317132
11290011
11267369
11246807
11229365
11211124
11189442
11161120
11119838
11104077
11091755
11077833
11064711
11047030
11026548
11001106
10981585
10966303
11004461
10990140
10985898
11119338
11254536
11203175
11171493
11134611
11109650
11084288
11056046
11033804
11011643
10995641
10958439
10948678
10933876
10914434
10897952
10872111
10852189
10834827
10816106
10796504
10776102
10758341
10740659
10725537
10707776
10698974
10687852
10673851
10661849
10643928
10627606
10617204
10606163
10590961
10546879
10538158
10529276
10522075
10513753
10508391
10497030
10488388
10479586
10468225
10453583
10441662
10432540
10422778
10460537
10586936
10541734
10513732
10491251
10474609
10453888
10440606
10427805
10414123
10391481
10384360
10372598
10361877
10351315
10340514
10326192
10317551
10309549
10299388
10288506
10272745
10264503
10253942
10244100
10230979
10218497
10209936
10195854
10188413
10178731
10169530
10163848
10155687
10143925
10136724
10128243
10124961
10117040
10110558
10105517
10098076
10089034
10079433
10067911
10060470
10049269
10044947
10035986
10028304
10023903
10014142
10009020
 9997739
 9984058
 9972856
 9963895
 9953814
 9928532
 9921251
 9918930
 9916769
 9910207
 9905486
 9899885
 9890843
 9883482
 9878921
 9872280
 9932838
10786597
11004436
11522996
11650915
11742434
11851553
11922992
11971151
11965550
11933069
11897868
11853067
11776026
11707305
11639464
11587063
11546342
11508580
11474179
11530579
11793858
12378978
12771858
12658576
12593216
12487935
12399133
12323292
12240571
12165610
12176569
12181048
12295768
13595053
14574583
15154424
15776666
16330190
17148282
18021832
18601383
18849876
19033082
19377177
19539109
19588395
19675278
19679280
19678402
19637684
19849375
20449182
20967314
21187892
21290299
21325028
21263914
21258078
21274082
21200726
21119849
21040652
20932974
20809617
20701379
20578742
20425704
20291786
20139628
19949229
19743711
19535713
19322114
19164596
19128518
19077320
19330364
19444927
19532529
19514451
19469652
19445414
19379176
19319577
19214699
19132220
19047102
18951183
18848145
18749587
18630068
18532470
18416631
18290633
18181435
18047037
17907039
17776560
17670242
17542564
17408726
17280648
17149850
17151452
17118574
17051215
16950097
16821059
16667140
16542742
16447703
16352025
16242666
16162987
16107149
16109950
16147872
16193313
16381075
17123237
18144282
18848048
19034693
19409899
19810466
20080153
20447125
20881704
21133160
21310053
21458223
21609039
21749134
21913880
22025415
22003258
21977099
21946380
21905180
21840140
21741900
21636860
21519100
21369020
21220059
21056138
20890618
20698137
20491656
20298454
20123653
19929891
19754130
19597088
19438286
19275804
19117082
18964120
18812518
18670036
18516274
18365232
18234190
18096027
17943785
17793703
17660660
17535138
17401616
17277774
17157051
17039689
16934567
16886644
17147683
17165680
17231198
17518557
17815916
18077915
18637275
19420158
19704720
20192883
20143523
20017681
19924720
19805598
19681517
19545915
19428313
19338312
19253030
19134229
19005347
18891905
18747664
18595902
18433501
18276059
18111177
17923335
17741333
17553091
17301089
17136606
16991244
16866042
16728680
16596598
16452435
16322273
16194671
16082188
15969946
15874024
15764502
15657540
15569297
15488975
15408253
15324491
15224969
15128566
15035044
14936802
14844400
14754238
14596315
14513593
14462631
14408469
14357266
14308704
14260142
14204620
14158217
14100935
14051813
14001970
13954608
13905725
13858683
13829080
13791078
13757155
13718593
13678510
13636268
13606345
13574902
13539460
13469777
13441374
13423211
13398329
13373606
13354883
13754001
14109758
14314395
14343593
14453590
14493588
14537745
14631423
14908860
15133499
15317097
15270854
15153652
15054609
14949487
14826444
14641881
14450518
14200915
14017312
13888589
13759466
13640103
13530741
13435778
13335455
13239612
13144729
13050647
12961844
12885601
12809118
12742075
12688713
12621510
12536467
12453424
12359662
12273339
12176376
12081093
11990611
11842928
11767085
11732842
11697000
11659637
11618995
11577472
11544749
11508427
11472024
11441702
11416420
11400817
11380655
11376092
11372330
11370248
11365125
11361683
11355361
11351919
11346796
11345674
11341512
11296630
11284788
11289906
11289664
11287182
11280860
11271817
11263015
11253254
11248132
11239170
11230848
11220926
11210204
11197562
11187640
11177798
11169236
11160355
11150913
11142991
11137709
11125788
11119546
11074584
11051862
11048501
11039699
11032257
11026896
11020494
11011693
10998011
10990009
10981128
10967526
10957125
10944723
10926722
10906480
10894719
10868077
10846796
10817834
10778473
10733111
10675350
10622148
10529986
10500305
10494384
10491822
10479821
10470700
10455019
10445017
10431576
10421015
10407094
10392772
10379251
10368050
10358849
10355888
10355806
10341965
10327324
10315803
10305322
10292281
10284120
10274679
10205398
10176836
10171875
10166355
10166754
10163553
10157072
10152511
10145310
10138349
10132188
10125947
10121226
10116425
10114905
10113304
10108023
10098422
10088501
10081701
10071780
10060659
10054979
10048578
10004977
 9995617
 9987056
 9975615
 9969055
 9957454
 9945374
 9937613
10011773
10547453
10759854
10744013
10741053
10666333
10605692
10559452
10584892
10724492
11068972
11424412
11773292
11842092
11907212
12139532
12404092
12948173
14138574
14581296
14601776
15038819
18174134
19179210
19436664
19550591
19657159
19959812
20142784
20220710
20200231
20361845
20633065
20890843
21014133
21097579
21099741
21179191
21437051
21587468
21570190
21517951
21481074
21449638
21397720
21337881
21252842
21131083
21004204
20858844
20701725
20541885
20394046
20224286
20063087
19884127
19721888
19537888
19350289
19174689
19089330
19140692
19288774
19225415
19043975
18940057
18997739
18930380
18787741
18637261
18508782
18379582
18238783
18091903
17953584
17815104
17662465
17528785
17410946
17271986
17139027
17024227
16904707
16775588
16659268
16543109
16411750
16292950
16104711
15983671
15886552
15774393
15682633
15593674
15500955
15426556
15349516
15266397
15178158
15115999
15049039
14976000
14910001
14842001
14764082
14691443
14628963
14571604
14510245
14471206
14423686
14372407
14264488
14194728
14138329
14086649
14037290
13990810
13946971
13906411
13868492
13821772
13779612
13740253
13702093
13665693
13630254
13593054
13556094
13526495
13486975
13442015
13398415
13358975
13325135
13307535
13272815
13346335
13735856
14912499
15377540
15245700
15806581
16620984
16608424
16790904
16946904
16901063
16824023
16994663
16991543
16981063
17079784
17117624
17025703
16907863
17129623
17199223
17146102
17095701
17095381
17065060
17034579
17000819
16968018
16917058
16919697
18079860
18543064
19264672
19160993
19051793
18932193
18815152
18690832
18567391
18544511
18524351
18436831
18567631
19256918
19415721
19443564
19419084
19427245
19325404
19220844
19103243
18977402
18869882
18763161
18634040
18499319
18373559
18219558
18076277
17926917
17786996
17650835
17515554
17383874
17242353
17075472
16921711
16754110
16575549
16380108
16181307
15887226
15698745
15570104
15464424
15372183
15277302
15192981
15095700
14999379
14923298
14845537
14754737
14664096
14590335
14534974
14474173
14416092
14357371
14292650
14231689
14157128
14088807
14009126
13930165
13775684
13679763
13635842
13591201
13559279
13520158
13477517
13434476
13395355
13362474
13185273
13022472
12873990
12756069
12650548
12561906
12474385
12386624
12287423
11995901
11732939
11542218
11324536
11152134
11059093
11232052
11747572
12498612
13963012
14327091
14817571
15272530
15511170
15521089
15453968
15358048
15264846
15230285
15198204
15174683
15130442
15094042
15105081
15289320
15446759
15326678
15081316
14875795
14719953
14620832
14607551
14780750
15166830
15941711
16905395
17639240
17978684
18256048
18347250
18256850
18208210
18196130
18239970
18208211
18182690
18215651
18314053
18288214
18098853
17993172
17725331
17503570
17367729
17212209
17080288
16975727
16863007
16743966
16650446
16546445
16441005
16329564
16218684
16102363
15977083
15857882
15719482
15600602
15470121
15339561
15215561
14729079
14248198
13679637
13247155
12924514
12674353
12553633
12505552
12476032
12454752
12440271
12429231
12400671
12361630
12375550
12413790
12402749
12342349
12300749
12264188
12231468
12182348
12133867
12079147
11750106
11451784
11114183
10840982
10638260
10466099
10386019
10377858
10373138
10349137
10331457
10324656
10315776
10299215
10282415
10265054
10250334
10241853
10226973
10216892
10219292
10201772
10184411
10170651
 9912249
 9693768
 9472567
 9298885
 9147924
 9055843
 9043202
 9047842
 9058881
 9056641
 9064720
 9065440
 9065279
 9067999
 9062078
 9067518
 9067117
 9070157
 9070556
 9073915
 9069115
 9060954
 9047994
 9036793
 8854472
 8694151
 8542869
 8409828
 8304787
 8235266
 8201905
 8205185
 8209264
 8203664
 8216623
 8229663
 8234542
 8239262
 8246221
 8250301
 8257980
 8257100
 8262699
 8266859
 8273018
 8273338
 8275737
 8273977
 8116456
 8022535
 7887014
 7753733
 7646772
 7569651
 7536370
 7543810
 7544289
 7543489
 7546929
 7547488
 7549888
 7554527
 7561007
 7565247
 7560926
 7555086
 7547645
 7545245
 7544845
 7547724
 7563164
 7560684
 7503403
 7478522
 7458442
 7488441
 7578680
 7658040
 7746679
 7810679
 7834118
 7844118
 7842917
 7839877
 7838197
 7837076
 7824676
 7823715
 7814195
 7808754
 7801314
 7790033
 7784993
 7776992
 7769392
 7765631
 7605230
 7478909
 7340028
 7214187
 7124426
 7095305
 7085785
 7090264
 7092583
 7102342
 7109222
 7122261
 7134420
 7145940
 7158179
 7165058
 7170177
 7182577
 7214576
 7236095
 7265294
 7303853
 7340573
 7380012
 7350411
 7338810
 7307288
 7269287
 7215526
 7190485
 7191924
 7208003
 7269362
 7293361
 7296480
 7294399
 7297838
 7304877
 7300555
 7296234
 7290393
 7284872
 7285191
 7289910
 7288709
 7291988
 7297107
 7280546
 7116464
 6957502
 6772220
 6628859
 6509897
 6426936
 6405814
 6412213
 6419572
 6424370
 6422529
 6426848
 6430047
 6436445
 6428684
 6425163
 6426281
 6431480
 6432599
 6431157
 6424276
 6406035
 6388753
 6366032
 6253470
 6135628
 6037627
 5956585
 5887543
 5845461
 5818100
 5820659
 5826817
 5826816
 5833134
 5840573
 5842892
 5843210
 5843769
 5856728
 5861206
 5870645
 5878484
 5886643
 5893521
 5897760
 5895679
 5896157
 5804795
 5717674
 5646312
 5585750
 5532788
 5498547
 5483025
 5493424
 5505662
 5520301
 5531900
 5538458
 5548857
 5556616
 5566855
 5578613
 5592612
 5601091
 5610689
 5621808
 5635967
 5640205
 5644684
 5655243
 5549321
 5475399
 5403717
 5339475
 5294994
 5250272
 5239550
 5247309
 5259548
 5264666
 5266585
 5269944
 5273142
 5277461
 5276900
 5277778
 5275697
 5273695
 5273854
 5273533
 5269211
 5271210
 5265769
 5256887
 5182965
 5112884
 5059922
 4999360
 4947278
 4907757
 4884235
 4888874
 4890712
 4900711
 4906710
 4907908
 4910147
 4912386
 4917904
 4919743
 4920862
 4926061
 4930539
 4936458
 4940377
 4942616
 4943654
 4938853
 4871571
 4811729
 4761408
 4706926
 4660364
 4626123
 4605961
 4615720
 4623799
 4630277
 4641076
 4640515
 4650674
 4652752
 4664271
 4671070
 4682589
 4687228
 4693386
 4699785
 4706744
 4715623
 4726742
 4730901
 4648259
 4607937
 4545456
 4485534
 4436332
 4406891
 4398569
 4412008
 4420807
 4431446
 4442805
 4450164
 4458162
 4468081
 4475360
 4486079
 4494638
 4502797
 4505996
 4520154
 4525993
 4534152
 4545831
 4547910
 4472148
 4422947
 4360145
 4308783
 4269262
 4229420
 4221579
 4234858
 4248537
 4258536
 4263175
 4271814
 4279572
 4284291
 4288530
 4294929
 4300368
 4309647
 4318926
 4325885
 4328204
 4334843
 4337482
 4340841
 4282359
 4233318
 4199636
 4155875
 4123873
 4107312
 4106351
 4120830
 4129469
 4137627
 4144906
 4147945
 4153784
 4163463
 4170662
 4179301
 4187460
 4195539
 4204658
 4216897
 4225936
 4234255
 4243534
 4271293
 4256652
 4223930
 4194089
 4177848
 4173367
 4180485
 4230804
 4392884
 4435843
 4360962
 4349041
 4354560
 4353439
 4356878
 4361677
 4359676
 4363915
 4370714
 4375993
 4385352
 4389911
 4397030
 4395829
 4399348
 4333907
 4285746
 4251905
 4222863
 4186542
 4166381
 4160940
 4180699
 4188698
 4193897
 4195496
 4203735
 4209255
 4213414
 4217573
 4223812
 4229891
 4235490
 4241169
 4244048
 4248208
 4254607
 4257966
 4256605
 4159404
 4105643
 4054201
 4014040
 3998359
 3987638
 3983877
 3990116
 4004435
 4015154
 4024433
 4030593
 4040272
 4047711
 4054910
 4057549
 4061148
 4065868
 4072907
 4077226
 4082185
 4087704
 4091223
 4093943
 3994741
 3937300
 3875459
 3821298
 3779617
 3751375
 3733774
 3748174
 3759053
 3768172
 3782811
 3792410
 3802490
 3813689
 3822568
 3830487
 3837446
 3846566
 3862085
 3867204
 3870163
 3879602
 3884722
 3890481
 3832080
 3782639
 3723197
 3679196
 3644155
 3627434
 3620953
 3632552
 3641432
 3650551
 3661350
 3671429
 3682469
 3689668
 3701267
 3707506
 3715665
 3727665
 3737664
 3749103
 3752782
 3757262
 3758941
 3761580
 3705019
 3664618
 3624617
 3595336
 3569335
 3552054
 3548533
 3557332
 3575572
 3589251
 3596610
 3608690
 3617409
 3635808
 3681647
 3738207
 3781486
 3807725
 3849085
 3882204
 3898523
 3908762
 3909882
 3910281
 3856520
 3827399
 3782518
 3743637
 3714356
 3687556
 3680195
 3690434
 3707393
 3719393
 3727952
 3735311
 3743711
 3750750
 3756829
 3770029
 3779388
 3783227
 3791307
 3798026
 3802345
 3802425
 3803704
 3804343
 3736342
 3691861
 3647140
 3617139
 3590899
 3570818
 3565937
 3580336
 3590656
 3596655
 3606974
 3614734
 3626173
 3635692
 3650732
 3659371
 3667450
 3676570
 3687129
 3693369
 3698728
 3708647
 3711607
 3717046
 3661045
 3697764
 3733203
 3722483
 3714802
 3697361
 3689360
 3698960
 3705759
 3712638
 3720718
 3725277
 3729836
 3737276
 3745835
 3750555
 3752794
 3755833
 3761513
 3767112
 3771752
 3779751
 3783990
 3791830
 3746309
 3729908
 3719427
 3712546
 3709106
 3705825
 3698944
 3704624
 3713663
 3720622
 3727662
 3736461
 3740621
 3748300
 3754059
 3761739
 3766698
 3769178
 3771577
 3777657
 3780696
 3784055
 3784695
 3787174
 3741653
 3733333
 3744932
 3780291
 3848691
 3944370
 4003810
 4044769
 4051489
 4063488
 4068528
 4072927
 4081246
 4089086
 4092605
 4092765
 4096844
 4099244
 4106683
 4108203
 4110762
 4109882
 4111641
 4108521
 4055160
 4000199
 3928998
 3873158
 3823317
 3792036
 3774595
 3774355
 3782594
 3789314
 3790913
 3795153
 3800512
 3806352
 3813551
 3815951
 3818510
 3818030
 3823629
 3828749
 3831948
 3833708
 3831227
 3818187
 3667386
 3583465
 3515864
 3468583
 3428982
 3407062
 3396421
 3403941
 3411860
 3415299
 3423939
 3430418
 3437618
 3445857
 3446417
 3454016
 3458496
 3463215
 3475215
 3480974
 3484654
 3489533
 3498573
 3505852
 3381131
 3344971
 3311130
 3285849
 3260408
 3243288
 3237767
 3250406
 3261686
 3270885
 3280485
 3288005
 3302244
 3313764
 3322643
 3330883
 3335762
 3342322
 3346161
 3352561
 3358080
 3366960
 3372559
 3378079
 3282958
 3257117
 3220636
 3193836
 3168075
 3150634
 3138873
 3152713
 3160313
 3171432
 3178392
 3186871
 3202711
 3208790
 3221350
 3232469
 3240389
 3245508
 3250388
 3256868
 3260627
 3264547
 3268706
 3275586
 3190305
 3164224
 3132623
 3110943
 3096142
 3082701
 3076941
 3086860
 3102220
 3111099
 3125499
 3132938
 3134858
 3143738
 3155737
 3166697
 3175416
 3183576
 3188455
 3194375
 3195975
 3199014
 3201654
 3204933
 3107572
 3075092
 3043811
 3015250
 2994449
 2979889
 2978688
 2988208
 3004287
 3018527
 3029647
 3033246
 3040206
 3047085
 3059165
 3068765
 3074284
 3080204
 3086683
 3095403
 3106123
 3112762
 3115162
 3118122
 3053721
 3026120
 2995559
 2963559
 2938678
 2923077
 2918277
 2928196
 2934116
 2947076
 2958995
 2968275
 2971154
 2979474
 2987554
 2996273
 3007473
 3013393
 3018832
 3024432
 3026511
 3036031
 3039791
 3042430
 3021630
 2983069
 2950908
 2928028
 2908907
 2899227
 2900346
 2906986
 2914745
 2924745
 2931305
 2939624
 2946264
 2952424
 2961143
 2972583
 2978343
 2982502
 2988742
 2990021
 2999381
 3003461
 3009140
 3013060
 3010260
 2980739
 2960019
 2942578
 2928417
 2917857
 2911536
 2921456
 2928416
 2930655
 2936415
 2940815
 2949854
 2956414
 2966254
 2969133
 2976493
 2981533
 2990972
 2995932
 3000092
 3004251
 3011291
 3011931
 3010890
 2973610
 2948649
 2931689
 2914808
 2903208
 2898647
 2903207
 2909686
 2915686
 2922886
 2929605
 2936325
 2941765
 2952964
 2957444
 2962644
 2967603
 2971283
 2975283
 2979683
 2986722
 2991282
 2995442
 2998161
 2956721
 2936160
 2914960
 2897839
 2915679
 2903118
 2902478
 2908878
 2915837
 2920397
 2925357
 2931276
 2937276
 2940716
 2950555
 2962955
 2967835
 2971114
 2976234
 2980634
 2984154
 2987913
 2994553
 2998393
 2958872
 2930792
 2918231
 2900151
 2885270
 2881350
 2891909
 2895589
 2901589
 2908069
 2914548
 2919748
 2924228
 2927747
 2935507
 2939427
 2945907
 2948306
 2953186
 2958786
 2963825
 2967745
 2968305
 2970625
 2933024
 2906783
 2885103
 2871182
 2861422
 2860782
 2867661
 2872781
 2879821
 2885740
 2891820
 2897100
 2899580
 2907259
 2909899
 2916459
 2923819
 2925498
 2929658
 2934458
 2937098
 2939897
 2943177
 2946697
 2911656
 2886936
 2858295
 2843655
 2830934
 2826054
 2831094
 2834773
 2839253
 2844373
 2852773
 2861012
 2867012
 2875892
 2881172
 2884051
 2894611
 2905811
 2913091
 2917090
 2919810
 2925330
 2933010
 2934609
 2901329
 2878128
 2851728
 2834207
 2821887
 2819887
 2824606
 2832846
 2839726
 2848606
 2855005
 2861085
 2866605
 2876525
 2880844
 2884284
 2891164
 2893084
 2898123
 2901163
 2904363
 2911323
 2912122
 2916362
 2885802
 2862761
 2831961
 2812360
 2795240
 2794119
 2797799
 2804599
 2811719
 2822198
 2828198
 2836678
 2843798
 2849318
 2858037
 2861957
 2867557
 2868917
 2870596
 2875716
 2880916
 2883156
 2884355
 2886595
 2859875
 2836914
 2803394
 2780753
 2762193
 2753793
 2758672
 2767152
 2774112
 2779072
 2788111
 2792991
 2802751
 2809231
 2813710
 2822350
 2827630
 2832030
 2839630
 2841469
 2845309
 2848749
 2850109
 2850668
 2815788
 2788187
 2753467
 2730587
 2718586
 2711466
 2720346
 2728105
 2732345
 2738745
 2744585
 2751064
 2757624
 2759384
 2767224
 2773624
 2781943
 2786903
 2792983
 2796343
 2801703
 2808182
 2812182
 2814022
 2771861
 2749461
 2720580
 2693140
 2681860
 2675459
 2680019
 2688339
 2695219
 2699058
 2708898
 2713218
 2719458
 2724578
 2729057
 2734737
 2739297
 2747377
 2751857
 2753296
 2758016
 2759456
 2759856
 2760095
 2724735
 2701055
 2676014
 2656894
 2640413
 2634813
 2637933
 2646013
 2654012
 2657052
 2666332
 2673692
 2677612
 2683771
 2688171
 2689851
 2695051
 2699130
 2704170
 2708970
 2713850
 2718570
 2722889
 2725769
 2695449
 2669048
 2644728
 2619847
 2605767
 2601767
 2606247
 2612246
 2624646
 2627526
 2632726
 2638646
 2643125
 2647045
 2653925
 2659365
 2660565
 2667284
 2672644
 2677204
 2679124
 2679124
 2676483
 2675203
 2652403
 2630882
 2614002
 2599202
 2585361
 2579121
 2582241
 2591920
 2599440
 2605200
 2610800
 2615520
 2621200
 2624239
 2645759
 2655199
 2658959
 2666719
 2669198
 2685358
 2709198
 2755678
 2812318
 2878959
 2969599
 3098879
 3412719
 3548479
 3585199
 3616959
 3659599
 3677039
 3695119
 3720078
 3752958
 3865198
 3898958
 3914718
 3922078
 3943758
 3968558
 3993677
 4034237
 4191917
 4316877
 4348237
 4537677
 4533197
 4516156
 4429356
 4323276
 4259195
 4180235
 4103035
 4050314
 4018234
 3997754
 3979034
 3963034
 3945754
 3931913
 3919593
 3908073
 3896793
 3887993
 3876312
 3865672
 3852392
 3843432
 3833752
 3818392
 3804471
 3696871
 3602391
 3510390
 3439190
 3393430
 3366789
 3368389
 3376709
 3378549
 3383189
 3385668
 3391828
 3404308
 3420308
 3425428
 3431108
 3440547
 3444547
 3452787
 3459507
 3501987
 3654947
 3767827
 3972147
 4233987
 4449427
 4713187
 4797667
 4871587
 4880227
 4904227
 4879827
 4881267
 4936387
 4944786
 4925506
 4880386
 4833026
 4788546
 4730946
 4681586
 4640465
 4597745
 4560705
 4529745
 4525105
 4568145
 4565265
 4477984
 4346624
 4204064
 4090463
 4003823
 3949263
 3932303
 3922863
 3909262
 3902942
 3895022
 3892462
 3886462
 3880302
 3874381
 3873421
 3871341
 3874621
 3876061
 3874141
 3870941
 3865020
 3858060
 3851340
 3705340
 3600459
 3471499
 3392059
 3340858
 3320298
 3319978
 3331418
 3340778
 3350137
 3357017
 3364137
 3372457
 3382617
 3385577
 3389577
 3395736
 3401576
 3407336
 3413816
 3416456
 3419496
 3421816
 3421975
 3321735
 3252935
 3183974
 3133734
 3099574
 3082053
 3080693
 3087493
 3096213
 3100773
 3107573
 3114132
 3121652
 3128932
 3136932
 3142132
 3148932
 3155492
 3162452
 3168452
 3173011
 3174851
 3178931
 3180931
 3117091
 3066210
 3020050
 2983330
 2947729
 2935169
 2937089
 2948689
 2957569
 2962929
 2973729
 2980369
 2987168
 2992448
 2999248
 3005328
 3010608
 3018368
 3026768
 3031568
 3039088
 3035888
 3036047
 3035727
 2971087
 2924607
 2876766
 2843566
 2814686
 2797405
 2802445
 2812365
 2821645
 2829005
 2838525
 2845005
 2855405
 2863885
 2866925
 2871165
 2876604
 2879484
 2884844
 2889884
 2894924
 2895564
 2894844
 2894444
 2850923
 2815403
 2779483
 2755162
 2733082
 2718762
 2721802
 2725962
 2733402
 2735721
 2738681
 2744361
 2751081
 2755481
 2765401
 2771081
 2776441
 2781241
 2785641
 2788680
 2792200
 2795480
 2794360
 2797160
 2763640
 2728919
 2704119
 2678279
 2660759
 2652518
 2654918
 2660358
 2665558
 2672278
 2676438
 2684918
 2695398
 2703398
 2709397
 2716517
 2722437
 2728197
 2736997
 2740757
 2746277
 2747717
 2750117
 2752597
 2708116
 2674916
 2647476
 2622675
 2605795
 2597475
 2600675
 2608995
 2613394
 2621634
 2626274
 2631554
 2636994
 2642114
 2649794
 2652994
 2659314
 2664994
 2669474
 2677473
 2681793
 2686833
 2690913
 2690753
 2652993
 2626112
 2603312
 2580032
 2561552
 2552671
 2558511
 2564431
 2572911
 2584271
 2587871
 2593471
 2598511
 2602751
 2608751
 2610351
 2617790
 2623950
 2630910
 2635790
 2640750
 2643950
 2644910
 2645870
 2608670
 2596749
 2617949
 2584109
 2552188
 2536908
 2538668
 2543788
 2552268
 2557708
 2568028
 2573708
 2583548
 2587388
 2591067
 2594907
 2599627
 2600987
 2602507
 2602667
 2604107
 2605387
 2606827
 2609387
 2578186
 2551386
 2533226
 2530105
 2506265
 2494025
 2492265
 2504345
 2512985
 2517145
 2521944
 2530344
 2533224
 2539064
 2546104
 2552664
 2558344
 2562744
 2566664
 2568584
 2572584
 2572984
 2574024
 2575463
 2535783
 2508663
 2482502
 2464902
 2444342
 2433062
 2438182
 2447142
 2456901
 2462261
 2469701
 2472821
 2478901
 2482021
 2487141
 2495701
 2497941
 2502261
 2508101
 2511141
 2514341
 2516901
 2520821
 2523140
 2482500
 2455140
 2436900
 2424579
 2409859
 2401619
 2406419
 2415779
 2421939
 2431859
 2434419
 2438818
 2445218
 2452098
 2456098
 2462258
 2467538
 2471538
 2475378
 2477938
 2480898
 2483218
 2487058
 2489378
 2456657
 2435377
 2416097
 2393457
 2380256
 2374016
 2376256
 2386176
 2392896
 2400176
 2402256
 2408256
 2413216
 2421376
 2426016
 2431696
 2439935
 2442655
 2447215
 2452175
 2453935
 2454815
 2454575
 2457215
 2429295
 2408574
 2390894
 2373934
 2365054
 2358013
 2363933
 2371373
 2378093
 2382333
 2386573
 2393853
 2399133
 2402413
 2407213
 2415293
 2423293
 2426493
 2430653
 2434573
 2439533
 2444172
 2448412
 2450172
 2421052
 2406892
 2381932
 2365451
 2355691
 2350171
 2353691
 2360811
 2366411
 2373051
 2378491
 2386811
 2391130
 2396890
 2402090
 2404010
 2408970
 2413930
 2417370
 2420410
 2423850
 2427450
 2430010
 2433770
 2404890
 2386489
 2364009
 2348969
 2337209
 2333208
 2334088
 2340328
 2348408
 2351448
 2356728
 2368328
 2373448
 2378088
 2385048
 2387288
 2391448
 2396328
 2401128
 2402728
 2406248
 2406807
 2409367
 2409767
 2387847
 2368727
 2352487
 2329126
 2313526
 2304646
 2305046
 2312966
 2319846
 2326086
 2331766
 2333286
 2338966
 2342166
 2344885
 2352325
 2357685
 2362485
 2365605
 2370965
 2375605
 2378885
 2378565
 2378645
 2349045
 2333764
 2308084
 2287684
 2277364
 2271284
 2272964
 2278404
 2283843
 2292643
 2301123
 2304723
 2311763
 2316883
 2320483
 2325523
 2328083
 2336563
 2342723
 2347043
 2350483
 2355363
 2357443
 2359043
 2326403
 2312162
 2287362
 2267442
 2253682
 2247201
 2248481
 2257201
 2265361
 2269761
 2273361
 2278641
 2288401
 2296241
 2301281
 2305041
 2308961
 2313921
 2319121
 2324961
 2326401
 2328721
 2334321
 2335041
 2304800
 2280480
 2259840
 2247200
 2230400
 2223519
 2223839
 2232559
 2242719
 2246799
 2253519
 2261919
 2268879
 2273359
 2280719
 2284479
 2286959
 2292319
 2294719
 2298399
 2302799
 2304959
 2308399
 2308959
 2281038
 2261998
 2239598
 2221438
 2209758
 2205677
 2208557
 2217837
 2225117
 2235197
 2239997
 2249997
 2260317
 2264077
 2269117
 2274157
 2275517
 2277997
 2281277
 2286317
 2290077
 2295117
 2299917
 2301997
 2273997
 2257356
 2243196
 2220396
 2210236
 2199356
 2202316
 2212876
 2222396
 2228876
 2234716
 2239196
 2246316
 2251116
 2255596
 2261116
 2265036
 2266875
 2274075
 2276475
 2278635
 2281355
 2280955
 2282715
 2262395
 2239115
 2215275
 2205274
 2193834
 2185914
 2190234
 2201754
 2207114
 2211034
 2219114
 2224554
 2231194
 2237034
 2240314
 2247994
 2253354
 2256554
 2261194
 2263114
 2267674
 2269994
 2272954
 2274474
 2247194
 2234314
 2210153
 2199433
 2184633
 2175433
 2179593
 2184313
 2192073
 2198633
 2203673
 2214633
 2217513
 2223113
 2226553
 2232793
 2238793
 2241033
 2246153
 2249993
 2253593
 2258473
 2259833
 2263513
 2233593
 2214392
 2195672
 2178472
 2164552
 2153112
 2158872
 2165272
 2173032
 2175912
 2184072
 2189592
 2197912
 2203192
 2205832
 2211112
 2213992
 2220712
 2226792
 2232712
 2237672
 2240152
 2242072
 2243991
 2209591
 2189111
 2173351
 2157031
 2139750
 2133030
 2134470
 2141830
 2150390
 2157590
 2163990
 2167910
 2174950
 2183670
 2190390
 2194230
 2198310
 2197670
 2197990
 2201430
 2205590
 2210470
 2211350
 2216310
 2189270
 2168470
 2149510
 2136309
 2122549
 2115909
 2119269
 2124789
 2134949
 2136869
 2142469
 2146229
 2150869
 2155189
 2160789
 2163429
 2165829
 2170309
 2178229
 2180869
 2182629
 2184949
 2186149
 2186469
 2163589
 2144629
 2129268
 2114628
 2103988
 2097268
 2101988
 2109988
 2114868
 2125348
 2127428
 2134148
 2135908
 2141828
 2146628
 2152468
 2155508
 2159588
 2161748
 2167668
 2169028
 2171028
 2173828
 2176388
 2155508
 2144868
 2126387
 2106147
 2095027
 2090307
 2091347
 2099987
 2108147
 2111907
 2116867
 2125107
 2130547
 2134067
 2137827
 2142147
 2146787
 2148867
 2149507
 2155107
 2157347
 2158147
 2160787
 2160787
 2140627
 2122867
 2105827
 2090226
 2081506
 2077346
 2079026
 2085346
 2091986
 2094946
 2100706
 2106466
 2114146
 2116946
 2120466
 2127266
 2129106
 2132786
 2136466
 2136946
 2139026
 2141266
 2142626
 2143666
 2123746
 2110546
 2090946
 2074865
 2066305
 2061345
 2067025
 2071345
 2077585
 2084065
 2087905
 2094225
 2097665
 2103105
 2107505
 2113425
 2117105
 2118785
 2123425
 2125345
 2128625
 2131665
 2132785
 2132625
 2111425
 2097425
 2079425
 2058945
 2048224
 2046144
 2050944
 2057584
 2062704
 2068784
 2074704
 2080064
 2085664
 2089184
 2094304
 2100064
 2104064
 2107344
 2110464
 2114384
 2115984
 2117904
 2119104
 2122624
 2100464
 2084704
 2064304
 2046544
 2038144
 2030223
 2033423
 2040543
 2043423
 2050543
 2056863
 2059023
 2064863
 2071503
 2078703
 2083183
 2091423
 2094783
 2099183
 2103823
 2108463
 2108543
 2108223
 2109103
 2087423
 2064063
 2045503
 2027103
 2017343
 2010462
 2013262
 2019982
 2025102
 2030622
 2037982
 2041742
 2048782
 2053102
 2057982
 2059182
 2069582
 2072942
 2075982
 2082542
 2085342
 2087822
 2089182
 2090382
 2064542
 2048862
 2028382
 2014862
 2003981
 1995341
 1999421
 2008061
 2015341
 2021501
 2026861
 2029821
 2036701
 2041421
 2043261
 2047261
 2051181
 2054381
 2059741
 2065741
 2068941
 2072061
 2073741
 2075981
 2047501
 2031341
 2015900
 1999900
 1988940
 1984700
 1990860
 2001100
 2006620
 2012460
 2020460
 2024460
 2030780
 2036540
 2037980
 2043980
 2046460
 2049740
 2056620
 2060380
 2067020
 2069420
 2071660
 2073340
 2049580
 2036139
 2023819
 2004219
 1995019
 1990459
 1990219
 1997899
 2004459
 2011499
 2016059
 2021979
 2024779
 2029179
 2032619
 2035979
 2040139
 2046539
 2050939
 2054859
 2061019
 2063179
 2063819
 2064379
 2041898
 2024538
 2007898
 1990058
 1980538
 1978137
 1984617
 1988537
 1997017
 2005257
 2011737
 2017097
 2019897
 2021337
 2026537
 2029817
 2035177
 2038217
 2044537
 2049657
 2052777
 2058297
 2059417
 2061177
 2035497
 2022857
 1999577
 1986056
 1977976
 1971416
 1977176
 1981816
 1987896
 1996376
 2001096
 2008856
 2014856
 2016776
 2020056
 2024216
 2030856
 2034296
 2036936
 2040376
 2042856
 2047656
 2052456
 2051976
 2030935
 2013655
 1995575
 1983415
 1974695
 1968695
 1972295
 1977175
 1983095
 1987575
 1996215
 2003015
 2009414
 2011494
 2014614
 2015734
 2018614
 2022454
 2026054
 2026854
 2030214
 2030774
 2034214
 2033894
 2016854
 1999494
 1981574
 1967173
 1955493
 1949813
 1954693
 1962213
 1966373
 1975973
 1980053
 1984533
 1990453
 1994773
 1997893
 2002213
 2007573
 2009253
 2012213
 2016053
 2019493
 2020213
 2024853
 2027733
 2008932
 1994132
 1975332
 1960852
 1948852
 1943412
 1950532
 1956931
 1961651
 1968611
 1975011
 1979171
 1984051
 1988691
 1992771
 1998451
 2006051
 2008451
 2009811
 2010931
 2013891
 2015251
 2015971
 2017571
 1996771
 1981571
 1964370
 1951170
 1942690
 1940770
 1944850
 1952450
 1959810
 1966370
 1973010
 1977010
 1983730
 1987330
 1989570
 1994690
 1998610
 2003970
 2009410
 2010450
 2012050
 2013170
 2023410
 2026609
 2003569
 1989089
 2003889
 1980209
 1959089
 1950208
 1952208
 1959408
 1964208
 1968288
 1974288
 1979808
 1986448
 1989488
 1993008
 1997568
 2001088
 2005008
 2008768
 2013728
 2015088
 2019728
 2020608
 2023408
 2002688
 1987488
 1964927
 1952687
 1937967
 1932927
 1940287
 1945887
 1954607
 1960927
 1965167
 1973087
 1979727
 1982607
 1988287
 1992687
 1997007
 1999807
 2005727
 2009727
 2012446
 2014286
 2016366
 2016526
 1993166
 1975326
 1955406
 1932206
 1919005
 1915485
 1919645
 1925485
 1931965
 1939565
 1947645
 1950605
 1956925
 1959965
 1963885
 1970205
 1972685
 1980765
 1985005
 1989885
 1994925
 1998045
 1999325
 2000285
 1973085
 1950444
 1933324
 1919484
 1908524
 1905164
 1911404
 1919244
 1925324
 1931324
 1937324
 1941724
 1947724
 1952444
 1957244
 1960924
 1962523
 1967723
 1972683
 1977083
 1977723
 1980523
 1980923
 1982603
 1959643
 1951883
 1929723
 1913082
 1904682
 1899802
 1903482
 1911642
 1918762
 1922922
 1930202
 1934042
 1940442
 1944042
 1948842
 1954122
 1958762
 1961802
 1964602
 1968922
 1971162
 1972842
 1974842
 1979322
 1953401
 1931401
 1917001
 1906601
 1895001
 1888281
 1892121
 1899001
 1905161
 1910040
 1916680
 1921400
 1926200
 1928920
 1936680
 1940200
 1944520
 1946200
 1950360
 1953960
 1954360
 1958360
 1960040
 1960280
 1938520
 1919800
 1909480
 1895399
 1883719
 1875399
 1878919
 1886039
 1890199
 1897159
 1902919
 1908999
 1911159
 1916839
 1921879
 1926679
 1929959
 1934119
 1935879
 1939479
 1942759
 1942599
 1944839
 1941799
 1924998
 1905798
 1891238
 1878118
 1862518
 1857877
 1858837
 1867717
 1874837
 1881797
 1889237
 1892357
 1895877
 1898277
 1900997
 1905557
 1911717
 1915477
 1916517
 1921557
 1922357
 1922117
 1922277
 1918917
 1903317
 1891236
 1871316
 1857556
 1845316
 1842756
 1846036
 1853236
 1859636
 1865636
 1874116
 1879876
 1883396
 1889636
 1892676
 1897396
 1899716
 1905876
 1910756
 1910355
 1912035
 1913955
 1915635
 1913395
 1899395
 1884915
 1864595
 1850755
 1840754
 1836114
 1844434
 1848514
 1852274
 1860194
 1866994
 1874514
 1879874
 1884834
 1889314
 1893794
 1899394
 1903314
 1906914
 1910434
 1913314
 1916274
 1917314
 1917714
 1898114
 1881954
 1864353
 1851153
 1843233
 1839233
 1843953
 1851633
 1855793
 1861633
 1866913
 1874193
 1879713
 1882113
 1886113
 1890913
 1894113
 1900513
 1902833
 1906353
 1908592
 1907952
 1906592
 1909552
 1893792
 1875072
 1861392
 1846512
 1839072
 1836111
 1841471
 1843791
 1851711
 1858431
 1861071
 1867711
 1871391
 1873791
 1877711
 1884271
 1891071
 1894511
 1896671
 1899071
 1900991
 1902831
 1904911
 1904351
 1888671
 1867790
 1852670
 1839950
 1835470
 1833310
 1835710
 1842830
 1846270
 1851390
 1854030
 1860030
 1864110
 1869070
 1873870
 1876830
 1877950
 1885150
 1890590
 1894190
 1898589
 1899709
 1900669
 1903469
 1882829
 1864429
 1849869
 1832429
 1825869
 1822348
 1826748
 1830828
 1836268
 1840028
 1845868
 1852588
 1854908
 1858988
 1862668
 1865868
 1871388
 1876908
 1880348
 1885308
 1888108
 1890988
 1892748
 1895388
 1873228
 1851627
 1832347
 1820987
 1816187
 1814907
 1819467
 1823467
 1828427
 1832907
 1839067
 1843547
 1846267
 1851147
 1857467
 1861707
 1863707
 1868907
 1875627
 1879626
 1883546
 1886346
 1887466
 1888666
 1860506
 1844986
 1827626
 1816506
 1806985
 1803705
 1808665
 1814585
 1819945
 1823865
 1829225
 1834425
 1839305
 1840665
 1844665
 1850185
 1858665
 1863545
 1864425
 1870105
 1874025
 1878345
 1881225
 1881465
 1856265
 1837704
 1819624
 1807224
 1800584
 1798424
 1802744
 1806344
 1811064
 1817064
 1820504
 1826104
 1830744
 1833944
 1836904
 1840264
 1845863
 1847943
 1851623
 1854903
 1857303
 1859543
 1860663
 1861783
 1841543
 1824103
 1810023
 1801302
 1790822
 1788502
 1795702
 1799702
 1806262
 1812182
 1818342
 1821782
 1828502
 1830502
 1835062
 1840902
 1845462
 1848822
 1852662
 1855462
 1858902
 1864262
 1865062
 1868742
 1847382
 1832581
 1814821
 1804341
 1795461
 1794981
 1798981
 1806341
 1810101
 1815781
 1821781
 1829141
 1833061
 1835461
 1841541
 1845781
 1846661
 1849141
 1851061
 1854661
 1858261
 1860101
 1861940
 1860420
 1840980
 1821780
 1808100
 1801620
 1796740
 1796100
 1804180
 1807940
 1811779
 1813539
 1817779
 1825059
 1829859
 1836579
 1839539
 1840739
 1842099
 1845779
 1850659
 1855619
 1858499
 1864019
 1867139
 1868259
 1847699
 1835459
 1818659
 1807458
 1802738
 1798498
 1805218
 1810178
 1812018
 1814738
 1820498
 1827138
 1835698
 1840658
 1843618
 1844978
 1846018
 1849298
 1852418
 1855938
 1857778
 1860738
 1864898
 1864658
 1840338
 1825217
 1811537
 1802177
 1791297
 1785537
 1791777
 1797217
 1802497
 1807617
 1811777
 1816737
 1820977
 1829537
 1833377
 1835857
 1839297
 1841937
 1846577
 1850337
 1854897
 1855457
 1855697
 1845376
 1823696
 1802576
 1789936
 1774976
 1765856
 1764335
 1770095
 1776335
 1783055
 1790815
 1794895
 1798575
 1805775
 1811375
 1814415
 1818975
 1821135
 1828335
 1832495
 1836655
 1840655
 1842015
 1846495
 1814015
 1789295
 1769775
 1761614
 1750014
 1741054
 1738334
 1746174
 1749614
 1757374
 1761374
 1767614
 1771774
 1777614
 1781134
 1786574
 1788894
 1795854
 1799614
 1804894
 1810174
 1813694
 1815694
 1816174
 1770573
 1755533
 1742013
 1732653
 1723533
 1718173
 1717852
 1725852
 1730172
 1734652
 1744572
 1749052
 1751932
 1759612
 1762972
 1775452
 1782892
 1787212
 1793292
 1796572
 1802732
 1806012
 1808252
 1809932
 1776812
 1761132
 1751532
 1743692
 1732412
 1726011
 1725371
 1731371
 1735451
 1741931
 1748011
 1750731
 1754651
 1758731
 1763211
 1774411
 1778171
 1782331
 1786331
 1788491
 1800571
 1803531
 1806091
 1807131
 1766091
 1755771
 1749451
 1738810
 1729770
 1723770
 1723370
 1732170
 1737050
 1741450
 1749690
 1754410
 1757770
 1762490
 1765770
 1767850
 1773050
 1777770
 1784890
 1789130
 1792170
 1795530
 1797210
 1797530
 1769370
 1760969
 1750169
 1736409
 1725849
 1716569
 1714569
 1726569
 1733529
 1738489
 1741929
 1748729
 1751209
 1755049
 1764649
 1769209
 1770569
 1773769
 1776969
 1782409
 1784649
 1789209
 1788809
 1788809
 1760728
 1748488
 1734808
 1717368
 1703928
 1696888
 1696648
 1707128
 1714888
 1722168
 1729528
 1733848
 1736488
 1740088
 1746168
 1753288
 1759048
 1765607
 1769447
 1775207
 1780167
 1780567
 1781607
 1781847
 1750327
 1740007
 1721447
 1708007
 1698567
 1688646
 1690406
 1699526
 1706406
 1712886
 1719606
 1726006
 1728006
 1734966
 1739366
 1742566
 1752006
 1756246
 1762006
 1766966
 1773046
 1775046
 1775526
 1777206
 1750086
 1732326
 1715126
 1699445
 1687525
 1680245
 1679765
 1691045
 1695445
 1704085
 1710965
 1717205
 1723445
 1729365
 1731125
 1735445
 1742485
 1745445
 1748245
 1754485
 1760085
 1763525
 1764645
 1766405
 1735365
 1723525
 1709924
 1697764
 1688404
 1682724
 1681684
 1688484
 1692084
 1696084
 1700964
 1707684
 1718324
 1722724
 1727524
 1731444
 1735524
 1737524
 1743524
 1748644
 1750724
 1754484
 1755604
 1754884
 1726084
 1710563
 1698243
 1685683
 1676323
 1664003
 1668083
 1673043
 1677363
 1681843
 1686483
 1691683
 1699603
 1705523
 1712243
 1715523
 1717043
 1723363
 1727043
 1730403
 1733843
 1740083
 1742083
 1742403
 1718322
 1701522
 1685122
 1674882
 1663202
 1658162
 1657122
 1663122
 1667362
 1671522
 1676802
 1681042
 1686642
 1694722
 1700322
 1706322
 1709842
 1714162
 1718562
 1721122
 1725522
 1727442
 1729602
 1734642
 1711681
 1701361
 1688801
 1675761
 1666001
 1656801
 1653681
 1661361
 1667361
 1671281
 1675681
 1679681
 1683361
 1689681
 1695921
 1703201
 1705841
 1708001
 1712881
 1718481
 1721281
 1722481
 1723361
 1725201
 1711920
 1701280
 1685360
 1675360
 1667680
 1660400
 1659680
 1662480
 1666160
 1672240
 1675680
 1679600
 1685680
 1691120
 1695200
 1701600
 1706000
 1710160
 1713440
 1716480
 1719920
 1721920
 1723920
 1725840
 1709280
 1700079
 1687199
 1676559
 1669519
 1661439
 1660879
 1663359
 1666719
 1668959
 1673039
 1676479
 1683359
 1688559
 1693519
 1696959
 1700319
 1702559
 1705839
 1708639
 1715279
 1716319
 1718639
 1721119
 1695919
 1685198
 1671918
 1662638
 1654878
 1643598
 1643598
 1648558
 1652078
 1656238
 1661518
 1662638
 1667918
 1672078
 1677998
 1679438
 1682798
 1687918
 1691358
 1693678
 1696078
 1700798
 1701998
 1702638
 1683997
 1670157
 1659997
 1649677
 1640157
 1630637
 1631917
 1639117
 1643997
 1647197
 1652637
 1655357
 1656957
 1661757
 1666557
 1673037
 1674877
 1677277
 1682157
 1685757
 1689197
 1691596
 1693676
 1694556
 1678156
 1659996
 1644956
 1637916
 1620556
 1615836
 1615756
 1619756
 1625676
 1630715
 1636155
 1648795
 1650395
 1652875
 1656075
 1661915
 1666795
 1672235
 1674875
 1679275
 1682155
 1684315
 1687115
 1687835
 1667755
 1651915
 1642635
 1634795
 1622715
 1615514
 1618074
 1625354
 1628474
 1635034
 1639994
 1645114
 1650634
 1654314
 1658714
 1663274
 1663994
 1669994
 1675274
 1678874
 1681914
 1681354
 1680554
 1681754
 1662154
 1649354
 1637754
 1619354
 1607033
 1599593
 1603113
 1608793
 1615513
 1618393
 1627833
 1629433
 1636313
 1638553
 1640633
 1645513
 1648633
 1653353
 1664553
 1670393
 1679113
 1681113
 1685513
 1686393
 1665193
 1651193
 1635433
 1620713
 1608792
 1604072
 1605832
 1614392
 1621512
 1626472
 1630392
 1634392
 1639112
 1643432
 1649752
 1652312
 1656872
 1664632
 1671672
 1676152
 1679672
 1684312
 1687032
 1688152
 1667832
 1655512
 1646152
 1629032
 1622711
 1618071
 1616391
 1624311
 1627751
 1635831
 1640071
 1644231
 1647111
 1652711
 1655591
 1660871
 1667511
 1672471
 1675111
 1680071
 1684071
 1686871
 1688391
 1688471
 1669511
 1661191
 1663671
 1655751
 1638390
 1628870
 1627830
 1635270
 1638950
 1643030
 1649190
 1653590
 1658390
 1663270
 1666470
 1667510
 1672790
 1678150
 1682950
 1685990
 1688790
 1694310
 1697270
 1699190
 1681590
 1672310
 1660550
 1643110
 1630310
 1623990
 1627110
 1633430
 1640790
 1648790
 1653030
 1656150
 1659350
 1660550
 1667590
 1669350
 1675990
 1676789
 1680869
 1680949
 1683429
 1687189
 1688149
 1689349
 1670789
 1654629
 1641749
 1622869
 1611429
 1609909
 1614389
 1620389
 1624309
 1630069
 1634389
 1638389
 1642069
 1647589
 1655029
 1659669
 1663189
 1664709
 1668309
 1671989
 1674949
 1675269
 1677269
 1676709
 1661108
 1657988
 1644708
 1636788
 1622388
 1624148
 1635588
 1643268
 1649508
 1651188
 1655108
 1667588
 1675908
 1675108
 1681188
 1685268
 1688628
 1691828
 1693508
 1695188
 1698148
 1700868
 1701508
 1703828
 1685108
 1671748
 1653027
 1643747
 1635827
 1625027
 1627987
 1630147
 1638227
 1645747
 1651027
 1652947
 1656387
 1660787
 1663347
 1668147
 1675187
 1687427
 1691187
 1693507
 1697987
 1700227
 1701267
 1704707
 1686867
 1673027
 1657667
 1643026
 1633826
 1628466
 1632866
 1637346
 1642226
 1648386
 1653426
 1656706
 1660546
 1663586
 1666146
 1668546
 1674626
 1678066
 1682226
 1683986
 1685186
 1687746
 1687506
 1689106
 1675906
 1659586
 1647426
 1633746
 1621666
 1614625
 1621425
 1624225
 1627905
 1632945
 1638385
 1641345
 1646705
 1650065
 1654945
 1658865
 1662465
 1665585
 1669025
 1672465
 1675665
 1678785
 1680705
 1684945
 1667585
 1651185
 1640145
 1627905
 1615185
 1611505
 1618225
 1623105
 1630465
 1634865
 1636625
 1643825
 1647105
 1651585
 1658145
 1664465
 1666465
 1669505
 1673105
 1675185
 1676785
 1680625
 1681585
 1682785
 1667425
 1655424
 1645024
 1635664
 1627264
 1620224
 1623184
 1627744
 1632624
 1637824
 1639984
 1645024
 1649424
 1652784
 1658544
 1662944
 1664144
 1665664
 1669584
 1673744
 1675264
 1678304
 1680944
 1682624
 1667664
 1656544
 1645664
 1630943
 1624143
 1615503
 1621663
 1625183
 1626543
 1631103
 1635743
 1640303
 1645503
 1648303
 1651663
 1654063
 1657583
 1663663
 1672703
 1681743
 1688783
 1692783
 1693023
 1692703
 1677023
 1661183
 1650783
 1641903
 1632143
 1634383
 1644383
 1647343
 1650383
 1654543
 1656303
 1659183
 1661583
 1664143
 1666303
 1671423
 1674543
 1675823
 1678143
 1679023
 1680543
 1681743
 1683983
 1684942
 1672222
 1662702
 1648782
 1637342
 1631902
 1628622
 1635022
 1637982
 1642622
 1647022
 1652702
 1656782
 1659982
 1663022
 1666142
 1670142
 1671822
 1673822
 1675502
 1679582
 1681502
 1682462
 1681502
 1681182
 1667262
 1669342
 1661741
 1671581
 1672861
 1682621
 1693341
 1727101
 1748621
 1747581
 1745181
 1739101
 1739341
 1742381
 1745421
 1746941
 1750781
 1752941
 1755661
 1757981
 1759981
 1766461
 1769341
 1771341
 1763821
 1758861
 1765261
 1756381
 1746221
 1743821
 1745821
 1746541
 1745901
 1751341
 1754061
 1754221
 1754381
 1756781
 1757421
 1760941
 1760381
 1761981
 1764221
 1766861
 1773981
 1775421
 1776061
 1775421
 1767101
 1760221
 1747741
 1747821
 1739181
 1732781
 1739101
 1740861
 1745341
 1746541
 1749741
 1750381
 1750621
 1751261
 1751261
 1752861
 1755021
 1756301
 1758060
 1759580
 1762620
 1762700
 1764700
 1763740
 1748780
 1729740
 1715820
 1703260
 1693820
 1691340
 1694700
 1699340
 1704140
 1708380
 1714300
 1716540
 1718700
 1723260
 1725740
 1728300
 1728860
 1734220
 1737260
 1738860
 1739660
 1741100
 1742380
 1742700
 1729020
 1710139
 1694619
 1683739
 1676539
 1675579
 1678939
 1683179
 1684939
 1688859
 1694859
 1700859
 1704139
 1707019
 1709579
 1712859
 1714779
 1719579
 1722059
 1723179
 1726299
 1728059
 1729339
 1729259
 1714059
 1692859
 1676699
 1665979
 1660458
 1658858
 1661658
 1664778
 1670298
 1673018
 1680138
 1685498
 1689178
 1691018
 1691018
 1694058
 1697018
 1698858
 1701578
 1702458
 1702058
 1703098
 1704298
 1704938
 1692458
 1669898
 1656778
 1647018
 1642058
 1641658
 1642458
 1644458
 1649418
 1651338
 1656858
 1661018
 1665658
 1667978
 1672218
 1676058
 1678378
 1679738
 1681738
 1683338
 1683978
 1686538
 1687338
 1687338
 1671417
 1653497
 1641097
 1632057
 1627417
 1623017
 1628057
 1631257
 1633977
 1636697
 1640297
 1644377
 1649417
 1654377
 1659817
 1663577
 1667737
 1669977
 1672777
 1675177
 1677017
 1679417
 1681657
 1682537
 1667497
 1652377
 1636376
 1630296
 1625896
 1623656
 1625176
 1627256
 1631336
 1634376
 1637816
 1642696
 1648616
 1651976
 1657336
 1659576
 1661896
 1665976
 1666056
 1671496
 1671736
 1673336
 1675736
 1679656
 1663896
 1651176
 1635256
 1629096
 1619016
 1619336
 1622856
 1626216
 1629816
 1635016
 1637336
 1643976
 1645976
 1652776
 1656696
 1658696
 1661416
 1663096
 1665496
 1673736
 1675335
 1680855
 1683095
 1683895
 1667655
 1653335
 1640455
 1630695
 1622055
       0
       0
       0
       0
       0
       0
       0
